env,coverage,sigma,policy,alpha,run,found,nominal_length,min_clearance,planner_cost,nodes,plan_time,realized_mean,realized_p95,realized_max,over_budget,hazard_rate
easy,0.08,0.01,rrtstar,,0,1,80.46602946837616,0.6082653543687431,80.46602946837614,1315,0.18988847901346162,80.8843155769067,82.60168441114017,88.11961753366234,0.0,0.38
easy,0.08,0.01,rrtstar,,1,1,79.6371249824405,0.6511637806797594,79.6371249824405,1312,0.15905481699155644,80.11951736067155,82.25702937695168,85.40915883266058,0.0,0.4725
easy,0.08,0.01,rrtstar,,2,1,79.52337363339116,0.046110385952773614,79.52337363339113,1285,0.14465174201177433,80.24451819005162,82.60844260719335,87.1344981379284,0.0,0.5775
easy,0.08,0.01,rrtstar,,3,1,79.85990333195221,0.34593360621493785,79.85990333195222,1313,0.16153408295940608,80.31123190108339,82.3754851861429,87.74704818300616,0.0,0.4325
easy,0.08,0.01,rrtstar,,4,1,79.78423601094907,1.2328088337483698,79.78423601094909,1298,0.18734577303985134,80.0694171223775,81.52998091588563,85.37813270156933,0.0,0.235
easy,0.08,0.01,rrtstar,,5,1,80.84930293032154,0.04084586820136238,80.84930293032153,1346,0.17544034903403372,81.51907623806385,83.97977783332756,87.18027098909,0.0,0.5225
easy,0.08,0.01,rrtstar,,6,1,79.9780141617123,0.8129749871975107,79.9780141617123,1296,0.2413562040310353,80.52314325371383,82.2972042327068,88.88245380955081,0.0,0.495
easy,0.08,0.01,rrtstar,,7,1,79.94578696218534,0.11376718660287533,79.94578696218537,1328,0.23379752598702908,80.9151325648857,83.70211201175339,89.15962991181142,0.0,0.675
easy,0.08,0.01,rrtstar,,8,1,80.30774815859124,0.02981228939398539,80.30774815859121,1307,0.1731085820356384,81.23687750954373,84.2733516252124,89.82511785205043,0.0,0.685
easy,0.08,0.01,rrtstar,,9,1,79.81970302485954,2.671981329333182,79.81970302485955,1357,0.16351807402679697,80.06292294854433,81.68002864275194,86.73206154190895,0.0,0.18
easy,0.08,0.01,rrtstar,,10,1,79.66541752079557,3.0568588955980234,79.66541752079554,1326,0.15965481096645817,79.78160601967876,80.44829690446524,82.37972522838201,0.0,0.17
easy,0.08,0.01,rrtstar,,11,1,79.55240370675511,1.2356164450569989,79.55240370675511,1362,0.1599238000344485,79.87267847833039,81.42374913150947,86.41906176850925,0.0,0.305
easy,0.08,0.01,rrtstar,,12,1,82.10069746021134,0.23970655600324386,82.10069746021135,1326,0.2661184199969284,83.17101592362245,86.0496281458941,92.01854650462214,0.0,0.7125
easy,0.08,0.01,rrtstar,,13,1,80.38809807512283,0.378774002229356,80.38809807512281,1347,0.2063595229992643,80.809569578043,82.77173942864563,87.25222514198347,0.0,0.325
easy,0.08,0.01,rrtstar,,14,1,81.75469863739534,0.028753703203512337,81.75469863739534,1287,0.15740565996384248,82.73725807194086,85.02324921201824,89.72066600567385,0.0,0.7375
easy,0.08,0.01,rrtstar,,15,1,80.10636120974122,0.32457642492403593,80.10636120974122,1361,0.1586445409920998,80.63546261922068,82.7161433099099,85.74600109828764,0.0,0.4775
easy,0.08,0.01,rrtstar,,16,1,79.52717535743658,0.19707779595302233,79.52717535743658,1331,0.22474966396111995,79.97177436036166,81.88630834708272,85.8171089423868,0.0,0.4
easy,0.08,0.01,rrtstar,,17,1,79.65803197668426,0.950610403892409,79.65803197668426,1325,0.15770296100527048,80.09988221678326,82.0411572592816,86.07211411345783,0.0,0.415
easy,0.08,0.01,rrtstar,,18,1,80.13806460759047,0.31309770085942956,80.1380646075905,1319,0.16129812697181478,80.68627886265372,82.775229516061,87.05893123713174,0.0,0.4125
easy,0.08,0.01,rrtstar,,19,1,80.14466104149251,0.3461168973041042,80.1446610414925,1321,0.15964152599917725,80.52764020159798,82.16603977578762,85.18044966602807,0.0,0.4125
easy,0.08,0.01,rrtstar,,20,1,80.12442771209318,0.7905866311837677,80.12442771209318,1292,0.276550447975751,80.50456381252701,82.05748338578562,89.56719779008415,0.0,0.3325
easy,0.08,0.01,rrtstar,,21,1,79.92037338716233,0.8719031266776822,79.92037338716233,1319,0.26767639396712184,80.29933961144305,82.1394859753876,83.83381304661609,0.0,0.34
easy,0.08,0.01,rrtstar,,22,1,80.92371530879467,0.03766025912394655,80.9237153087947,1288,0.23248308099573478,81.32386282833684,83.02340683827968,91.45746251664913,0.0,0.405
easy,0.08,0.01,rrtstar,,23,1,80.6634668768206,0.22693809330170245,80.66346687682065,1300,0.1602190979756415,81.53236057714854,83.86812613476316,87.88501448305207,0.0,0.665
easy,0.08,0.01,rrtstar,,24,1,81.13586233277135,0.39511103023014327,81.13586233277131,1320,0.2637519860290922,81.841436576923,84.68973676897403,88.95729465421114,0.0,0.495
easy,0.08,0.01,rrtstar,,25,1,79.92220304335025,1.0938166962790081,79.92220304335027,1307,0.26053324301028624,80.28166795790052,81.88641911056517,85.80703430691571,0.0,0.3825
easy,0.08,0.01,rrtstar,,26,1,79.63704559974983,1.623281522140367,79.63704559974983,1304,0.25843202095711604,79.97924575393405,81.81255828068961,86.91970103029,0.0,0.3175
easy,0.08,0.01,rrtstar,,27,1,79.49940425087644,0.3441559027317376,79.49940425087644,1322,0.2578562319977209,80.07540581095999,82.2202684696768,88.15898549588978,0.0,0.465
easy,0.08,0.01,rrtstar,,28,1,79.47303502011188,4.0,79.4730350201119,1316,0.25418064498808235,79.5715967890666,80.15318968823482,84.61121665181572,0.0,0.13
easy,0.08,0.01,rrtstar,,29,1,81.24967212233987,0.058311114969847644,81.24967212233987,1335,0.261076177994255,82.29528431193583,84.9782515345382,92.4301236644781,0.0,0.665
easy,0.08,0.01,rrtstar,,30,1,79.64117031817932,0.8267878171702843,79.64117031817932,1340,0.2711677240440622,80.40381931029545,82.57827627697077,90.09690156682262,0.0,0.52
easy,0.08,0.01,rrtstar,,31,1,80.25507739428731,0.16779213169625962,80.25507739428728,1331,0.2459273340064101,80.94288457105749,83.52893832052942,86.12649061136611,0.0,0.5825
easy,0.08,0.01,rrtstar,,32,1,79.42036055406317,1.0708965217316955,79.42036055406317,1310,0.257074746012222,79.87856414885847,81.76003595779594,85.272805596221,0.0,0.39
easy,0.08,0.01,rrtstar,,33,1,79.7743777314912,0.03542763431232743,79.7743777314912,1292,0.2657412670087069,80.46438479041514,82.7507429281833,85.84842520311372,0.0,0.55
easy,0.08,0.01,rrtstar,,34,1,80.19112026629384,1.8865415829612187,80.19112026629385,1352,0.2619450709898956,80.40281945897159,81.5255874103685,85.57831625820145,0.0,0.215
easy,0.08,0.01,rrtstar,,35,1,79.30161380175653,0.4857592421496726,79.30161380175653,1331,0.26283348101424053,79.84144314339328,81.99555499389271,85.21802751106807,0.0,0.445
easy,0.08,0.01,rrtstar,,36,1,79.61027885387132,0.1261054773039172,79.61027885387134,1294,0.15808173798723146,80.20259808112436,82.32557419873793,85.12553323031801,0.0,0.4975
easy,0.08,0.01,rrtstar,,37,1,80.17673562141901,0.35130952492751044,80.17673562141901,1309,0.16144334099953994,80.8571574718899,82.93863672600888,87.5838586086139,0.0,0.5775
easy,0.08,0.01,rrtstar,,38,1,80.26285004872352,0.07969943550734104,80.26285004872354,1271,0.15418877900810912,81.24962901763787,83.80887351229175,89.17309581332583,0.0,0.6725
easy,0.08,0.01,rrtstar,,39,1,80.03859745447912,0.004960295158952466,80.03859745447912,1263,0.1553788490127772,81.09829825943626,83.75708761851081,90.34378403564394,0.0,0.7325
easy,0.08,0.01,rrtstar,,40,1,80.81668525795631,0.22120572923939674,80.81668525795628,1334,0.1749367169686593,81.7127101922561,84.5377221806413,89.38215775551585,0.0,0.5875
easy,0.08,0.01,rrtstar,,41,1,79.54877793958235,0.10760286833400556,79.54877793958238,1305,0.15374670299934223,80.29584154773669,83.06174600434416,87.13039437310404,0.0,0.595
easy,0.08,0.01,rrtstar,,42,1,79.82099900595337,0.4442532421589078,79.82099900595337,1332,0.1535341020207852,80.14450895660978,81.53044445628883,87.57044986487217,0.0,0.35
easy,0.08,0.01,rrtstar,,43,1,80.35303383347647,0.526292579315486,80.35303383347649,1372,0.1602531319949776,80.94752697482421,82.96469639890634,86.44461465748188,0.0,0.515
easy,0.08,0.01,rrtstar,,44,1,79.49684688724307,0.973271491173161,79.49684688724302,1330,0.2703788529615849,80.13963263450772,82.37739537750197,86.88961629223225,0.0,0.4925
easy,0.08,0.01,rrtstar,,45,1,79.76682021752613,0.38533813889614743,79.76682021752609,1330,0.2640064779552631,80.53035108864624,82.75260974544587,85.65213265843127,0.0,0.635
easy,0.08,0.01,rrtstar,,46,1,79.74377634884918,0.07117541441157771,79.7437763488492,1342,0.26426651899237186,80.37339210519684,82.54360098628868,85.87651289076688,0.0,0.5875
easy,0.08,0.01,rrtstar,,47,1,81.36542946250498,1.9424431007251677,81.365429462505,1297,0.2428943410050124,81.6933992389361,83.16983404911133,90.1444015600581,0.0,0.3525
easy,0.08,0.01,rrtstar,,48,1,79.68685806641254,1.2017211913427868,79.68685806641255,1354,0.2723823899868876,80.353894818994,82.57423731401319,86.01801330387488,0.0,0.5325
easy,0.08,0.01,rrtstar,,49,1,79.45738158480347,4.0,79.45738158480347,1362,0.20172388100763783,79.57418736433284,80.33975613178096,82.9225654302627,0.0,0.1125
easy,0.08,0.01,neutral,0.0,0,1,80.47959383449945,0.6082653543687431,80.97320904504163,1315,0.3387952040066011,80.91010721292969,82.85288429188171,86.90672084729421,0.0,0.3625
easy,0.08,0.01,neutral,0.0,1,1,79.64852760711747,0.6511637806797594,80.11634933663154,1312,0.37222459295298904,80.23961585287203,82.17073703454496,87.13448132350156,0.0,0.48
easy,0.08,0.01,neutral,0.0,2,1,79.55767984707165,0.046110385952773614,80.06323849527284,1285,0.5276844849577174,80.2425514423711,82.82281739324338,85.95312511688583,0.0,0.515
easy,0.08,0.01,neutral,0.0,3,1,79.86229709347754,0.34593360621493785,80.27403575266133,1313,0.5439374860143289,80.28903291448947,82.22392675043925,88.67680925863323,0.0,0.395
easy,0.08,0.01,neutral,0.0,4,1,79.78423601094907,1.2328088337483698,80.1017858186439,1298,0.5529172400129028,80.0694171223775,81.52998091588563,85.37813270156933,0.0,0.235
easy,0.08,0.01,neutral,0.0,5,1,80.84930293032154,0.04084586820136238,81.39878904711026,1346,0.5885581889888272,81.51907623806385,83.97977783332756,87.18027098909,0.0,0.5225
easy,0.08,0.01,neutral,0.0,6,1,79.98007622303273,0.8274328206846342,80.35919627745405,1296,0.3627076339907944,80.5379944315194,82.8240546750716,86.6570763442871,0.0,0.455
easy,0.08,0.01,neutral,0.0,7,1,79.95965597702511,0.18238947455242704,80.58649390835747,1328,0.37006180395837873,80.79412111352808,83.11226884715447,88.53497194035607,0.0,0.66
easy,0.08,0.01,neutral,0.0,8,1,80.48230722862345,0.02981228939398539,81.59580645847107,1307,0.3797840310144238,81.3334373788924,83.8507902330243,86.62568433289918,0.0,0.675
easy,0.08,0.01,neutral,0.0,9,1,79.79033924624115,2.671981329333182,79.97310661786217,1357,0.40574210800696164,79.91993194160605,80.8923918422735,82.98382716719944,0.0,0.1625
easy,0.08,0.01,neutral,0.0,10,1,79.66744434287409,3.0568588955980234,79.79238857125426,1326,0.41548253898508847,79.79241031107799,80.57021139940471,83.30689903249836,0.0,0.1725
easy,0.08,0.01,neutral,0.0,11,1,79.55579648031016,1.2356164450569989,79.8296919075854,1362,0.3785942230024375,79.87264373935142,81.182287189193,84.48968156630889,0.0,0.3375
easy,0.08,0.01,neutral,0.0,12,1,82.10106581513328,0.23970655600324386,83.04404282985017,1326,0.35745454498101026,83.11711143841076,86.1142250736389,89.72133173741607,0.0,0.7425
easy,0.08,0.01,neutral,0.0,13,1,80.39796852842319,0.378774002229356,80.66561358637827,1347,0.39097184903221205,80.69101194271025,82.16711038650278,83.66056906215701,0.0,0.335
easy,0.08,0.01,neutral,0.0,14,1,81.76357911299432,0.028753703203512337,82.70749560747763,1287,0.3176979160052724,82.63376265790397,84.8919708946844,87.17168259752756,0.0,0.7075
easy,0.08,0.01,neutral,0.0,15,1,80.11539917870986,0.32457642492403593,80.49568460208474,1361,0.3806494980235584,80.57879237855778,82.55230372886928,87.05209836147743,0.0,0.435
easy,0.08,0.01,neutral,0.0,16,1,79.96724035893165,4.0,80.08725114646968,1331,0.34940960799576715,80.11355421410913,81.14495959572042,84.45818147775518,0.0,0.1725
easy,0.08,0.01,neutral,0.0,17,1,79.66239016239821,0.9250112006788469,80.17393945461677,1325,0.3707970749819651,80.12191035833379,81.91114545431859,84.49193004410769,0.0,0.4825
easy,0.08,0.01,neutral,0.0,18,1,80.13967432241891,0.3369767283740295,80.5237048411836,1319,0.32744359702337533,80.58296645536883,82.12130602044246,87.57475988376514,0.0,0.4375
easy,0.08,0.01,neutral,0.0,19,1,80.12502861775927,0.3461168973041042,80.5502416400585,1321,0.3407633139868267,80.5649222377207,82.36561463539746,84.84834096880972,0.0,0.4475
easy,0.08,0.01,neutral,0.0,20,1,80.12498918349844,0.7227254413486079,80.56480721075202,1292,0.3031297189882025,80.53021792797757,82.21765475651522,83.97381577506901,0.0,0.405
easy,0.08,0.01,neutral,0.0,21,1,79.92500874448127,0.9020627336770146,80.33096231758982,1319,0.3419757760129869,80.31920587074838,82.01564109785461,84.6218437364331,0.0,0.3725
easy,0.08,0.01,neutral,0.0,22,1,80.81670721335038,0.03766025912394655,81.25404518748465,1288,0.34207534400047734,81.26534060448445,82.93322072034181,87.13214362786658,0.0,0.495
easy,0.08,0.01,neutral,0.0,23,1,80.70340054057287,0.22693809330170245,81.54705652071512,1300,0.35923815495334566,81.55745830734708,84.22558767112824,89.77883710445799,0.0,0.655
easy,0.08,0.01,neutral,0.0,24,1,81.09353207065797,0.39511103023014327,81.72302582303246,1320,0.3521635530050844,81.81662981950056,84.0141560546625,88.2083478423124,0.0,0.57
easy,0.08,0.01,neutral,0.0,25,1,79.92285045773542,1.0938166962790081,80.31222778469557,1307,0.39066795498365536,80.25400769124178,81.70619869566364,84.87787151915748,0.0,0.3725
easy,0.08,0.01,neutral,0.0,26,1,79.78359742859887,2.3599043258890258,80.02382766832017,1304,0.3411021649953909,79.95846418310234,81.0318254390598,84.41622518861705,0.0,0.2
easy,0.08,0.01,neutral,0.0,27,1,79.45468266956743,0.3429964387504838,79.890322137664,1322,0.4204179090447724,79.86105141382646,81.46271335473091,84.61018183027325,0.0,0.4375
easy,0.08,0.01,neutral,0.0,28,1,79.47303502011188,4.0,79.56772483272181,1316,0.450785810011439,79.5715967890666,80.15318968823482,84.61121665181572,0.0,0.13
easy,0.08,0.01,neutral,0.0,29,1,81.91790781967217,1.163474803393986,82.34928986567176,1335,0.4910650060046464,82.37232083456111,84.30234671937917,91.46940903785831,0.0,0.4325
easy,0.08,0.01,neutral,0.0,30,1,79.64238620105435,0.8267878171702843,80.32032727309196,1340,0.3320779669447802,80.26724032614557,82.37204132004169,87.22584002677732,0.0,0.535
easy,0.08,0.01,neutral,0.0,31,1,80.26598742170545,0.20849221046353872,81.07873384414228,1331,0.34398667700588703,80.91697120839409,83.46208512663387,85.73955275938228,0.0,0.5675
easy,0.08,0.01,neutral,0.0,32,1,79.4302475495622,1.1094209629997196,79.87273433268057,1310,0.3361243549734354,79.86696390992722,81.80130627651516,83.73040604729277,0.0,0.4475
easy,0.08,0.01,neutral,0.0,33,1,79.88388312220087,0.727137680246515,80.3969253003025,1292,0.34773725701961666,80.35474023968372,81.97556519616292,84.6936737518356,0.0,0.4625
easy,0.08,0.01,neutral,0.0,34,1,80.03355500293591,1.7128676705284822,80.21167038789488,1352,0.37206242699176073,80.26269804039714,81.51498786057414,86.27236496437936,0.0,0.235
easy,0.08,0.01,neutral,0.0,35,1,79.3338189701062,0.9780761512115994,79.76801334596644,1331,0.3555778860463761,79.74024257484743,81.39155892944582,85.28080144008936,0.0,0.47
easy,0.08,0.01,neutral,0.0,36,1,79.61299755937502,0.1261054773039172,80.24017149946775,1294,0.340985914983321,80.22148587420112,82.14648181263685,86.89448061270295,0.0,0.5875
easy,0.08,0.01,neutral,0.0,37,1,80.14322927774458,0.35130952492751044,80.70291411321003,1309,0.39591167599428445,80.81509882189117,82.67287487225605,87.22142360387842,0.0,0.6125
easy,0.08,0.01,neutral,0.0,38,1,80.5334475893469,0.07969943550734104,81.41770234930948,1271,0.4530149030033499,81.3794574555603,84.36501020842971,88.37819778110781,0.0,0.6125
easy,0.08,0.01,neutral,0.0,39,1,80.02474411019014,0.054322931350240466,81.02576483214865,1263,0.47617913800058886,81.05805116364235,83.49942895889974,88.82054830600502,0.0,0.755
easy,0.08,0.01,neutral,0.0,40,1,80.83184799741875,0.22120572923939674,81.50749588057566,1334,0.5133715799893253,81.6107800291075,83.97525207457592,91.6675869821022,0.0,0.5525
easy,0.08,0.01,neutral,0.0,41,1,79.65346942860467,0.7439779449446018,80.32783412920074,1305,0.4898268649703823,80.38263394701148,82.78419300619584,85.91225850535533,0.0,0.5875
easy,0.08,0.01,neutral,0.0,42,1,79.80719905099471,0.4442532421589078,80.15585172840117,1332,0.34736176702426746,80.15941509791273,81.85592834612555,86.91375157953316,0.0,0.3625
easy,0.08,0.01,neutral,0.0,43,1,80.30070907163771,0.6553454965890504,80.75247902793458,1372,0.34366143302759156,80.77052133733677,82.75031976030303,84.67365158729766,0.0,0.4875
easy,0.08,0.01,neutral,0.0,44,1,79.50814676769099,1.0836287227025136,80.14635562659545,1330,0.3870422109612264,80.10687588099844,81.96379785789689,85.09890273866223,0.0,0.5875
easy,0.08,0.01,neutral,0.0,45,1,79.8136935547784,0.38533813889614743,80.6444390257513,1330,0.3606983959907666,80.50740750594431,82.61390863843489,87.56840558542842,0.0,0.6125
easy,0.08,0.01,neutral,0.0,46,1,79.74377634884918,0.07117541441157771,80.30686584622175,1342,0.3790301369735971,80.37339210519684,82.54360098628868,85.87651289076688,0.0,0.5875
easy,0.08,0.01,neutral,0.0,47,1,81.22049256359497,1.7477151663817323,81.64647950692006,1297,0.37561468000058085,81.6073316457073,83.28877242614065,87.7588510570813,0.0,0.38
easy,0.08,0.01,neutral,0.0,48,1,79.72673100086492,1.347626143077846,80.26414925487916,1354,0.41979226598050445,80.31853508591347,82.60197669252398,85.98761236336874,0.0,0.475
easy,0.08,0.01,neutral,0.0,49,1,79.45738158480347,4.0,79.56234118488591,1362,0.3902731080306694,79.55033807724358,79.95898659125089,81.86355545036369,0.0,0.1025
easy,0.08,0.01,cvar0.1,0.1,0,1,80.55462728922191,0.8852771494745744,81.1744931713943,1315,0.9846057409886271,80.9062172569166,82.43312811264049,86.64970971997899,0.0,0.3075
easy,0.08,0.01,cvar0.1,0.1,1,1,79.65443436507847,0.6511637806797594,80.3178909942438,1312,1.0875564099987969,80.13088900284221,82.24074467912864,84.60814229229202,0.0,0.4625
easy,0.08,0.01,cvar0.1,0.1,2,1,79.55767984707165,0.046110385952773614,80.27515338430823,1285,0.9687644690275192,80.23557011764251,82.72975796923463,89.10297779310729,0.0,0.51
easy,0.08,0.01,cvar0.1,0.1,3,1,80.02344599645677,1.054980649883845,80.4646208042189,1313,1.0354053130140528,80.38825705892027,82.03290922401713,90.12608546182935,0.0,0.335
easy,0.08,0.01,cvar0.1,0.1,4,1,79.78423601094907,1.2328088337483698,80.2908682462686,1298,0.750838792999275,80.0694171223775,81.52998091588563,85.37813270156933,0.0,0.235
easy,0.08,0.01,cvar0.1,0.1,5,1,80.84930293032154,0.04084586820136238,81.61240179211616,1346,0.7078543130191974,81.51907623806385,83.97977783332756,87.18027098909,0.0,0.5225
easy,0.08,0.01,cvar0.1,0.1,6,1,79.98007622303273,0.8274328206846342,80.55390340599637,1296,0.6684324580128305,80.5379944315194,82.8240546750716,86.6570763442871,0.0,0.455
easy,0.08,0.01,cvar0.1,0.1,7,1,79.95965597702511,0.18238947455242704,80.80554179512158,1328,0.6643468449474312,80.79412111352808,83.11226884715447,88.53497194035607,0.0,0.66
easy,0.08,0.01,cvar0.1,0.1,8,1,81.19502084018157,1.254859226069029,82.06745009246177,1307,1.0174455259693787,81.70023734677984,83.89081682318448,88.73478329155607,0.0,0.415
easy,0.08,0.01,cvar0.1,0.1,9,1,79.79033924624115,2.671981329333182,80.14246622598651,1357,1.1322120979893953,79.91993194160605,80.8923918422735,82.98382716719944,0.0,0.1625
easy,0.08,0.01,cvar0.1,0.1,10,1,79.66744434287409,3.0568588955980234,79.9612739616058,1326,1.098499856016133,79.79241031107799,80.57021139940471,83.30689903249836,0.0,0.1725
easy,0.08,0.01,cvar0.1,0.1,11,1,79.55579648031016,1.2356164450569989,80.01484880864993,1362,1.1250618129852228,79.87264373935142,81.182287189193,84.48968156630889,0.0,0.3375
easy,0.08,0.01,cvar0.1,0.1,12,1,82.10106581513328,0.23970655600324386,83.3054332267867,1326,0.6276778629980981,83.11711143841076,86.1142250736389,89.72133173741607,0.0,0.7425
easy,0.08,0.01,cvar0.1,0.1,13,1,80.39796852842319,0.378774002229356,80.85114234636465,1347,0.7576027680188417,80.69101194271025,82.16711038650278,83.66056906215701,0.0,0.335
easy,0.08,0.01,cvar0.1,0.1,14,1,81.76357911299432,0.028753703203512337,82.96968269814786,1287,0.5790920250001363,82.63376265790397,84.8919708946844,87.17168259752756,0.0,0.7075
easy,0.08,0.01,cvar0.1,0.1,15,1,80.11539917870986,0.32457642492403593,80.69062036172247,1361,0.6476440639817156,80.57879237855778,82.55230372886928,87.05209836147743,0.0,0.435
easy,0.08,0.01,cvar0.1,0.1,16,1,79.56495476972839,0.362854915372095,80.28129704114563,1331,0.8464895529905334,80.08132781120445,82.28611140670385,84.31507786217765,0.0,0.465
easy,0.08,0.01,cvar0.1,0.1,17,1,79.65904658113998,0.950610403892409,80.39021184716206,1325,0.7276444000308402,80.10080338009844,82.0384124546814,86.08634652992464,0.0,0.415
easy,0.08,0.01,cvar0.1,0.1,18,1,80.13967432241891,0.3369767283740295,80.72053346562056,1319,0.793644174002111,80.58296645536883,82.12130602044246,87.57475988376514,0.0,0.4375
easy,0.08,0.01,cvar0.1,0.1,19,1,80.12502861775927,0.3461168973041042,80.75303211317673,1321,0.7106780410395004,80.49474496223712,82.0014480174773,84.38424857430566,0.0,0.445
easy,0.08,0.01,cvar0.1,0.1,20,1,80.12498918349844,0.7227254413486079,80.76558102656135,1292,0.7072832540143281,80.53021792797757,82.21765475651522,83.97381577506901,0.0,0.405
easy,0.08,0.01,cvar0.1,0.1,21,1,79.92500874448127,0.9020627336770146,80.53465989394174,1319,0.7426770650199614,80.31920587074838,82.01564109785461,84.6218437364331,0.0,0.3725
easy,0.08,0.01,cvar0.1,0.1,22,1,80.94046161245834,0.744048620224548,81.45731530741315,1288,0.7735894459765404,81.2457780029624,82.92742306016139,88.5449688857687,0.0,0.2775
easy,0.08,0.01,cvar0.1,0.1,23,1,80.70340054057287,0.22693809330170245,81.79318521441404,1300,0.712832443008665,81.55745830734708,84.22558767112824,89.77883710445799,0.0,0.655
easy,0.08,0.01,cvar0.1,0.1,24,1,81.09353207065797,0.39511103023014327,81.95073549669944,1320,0.6403344769496471,81.81662981950056,84.0141560546625,88.2083478423124,0.0,0.57
easy,0.08,0.01,cvar0.1,0.1,25,1,79.92285045773542,1.0938166962790081,80.50841310108252,1307,0.6576305199996568,80.25400769124178,81.70619869566364,84.87787151915748,0.0,0.3725
easy,0.08,0.01,cvar0.1,0.1,26,1,79.78359742859887,2.3599043258890258,80.20079629139528,1304,0.7397968220175244,79.95846418310234,81.0318254390598,84.41622518861705,0.0,0.2
easy,0.08,0.01,cvar0.1,0.1,27,1,79.45468266956743,0.3429964387504838,80.09312263731363,1322,0.7412785119959153,79.86105141382646,81.46271335473091,84.61018183027325,0.0,0.4375
easy,0.08,0.01,cvar0.1,0.1,28,1,79.47303502011188,4.0,79.73364099236952,1316,0.7111288330052048,79.5715967890666,80.15318968823482,84.61121665181572,0.0,0.13
easy,0.08,0.01,cvar0.1,0.1,29,1,81.91790781967217,1.163474803393986,82.5499781941219,1335,0.6608149090316147,82.30905778802006,83.74987700067918,91.86354297964702,0.0,0.4125
easy,0.08,0.01,cvar0.1,0.1,30,1,79.64238620105435,0.8267878171702843,80.5534996746444,1340,0.5859946830314584,80.26724032614557,82.37204132004169,87.22584002677732,0.0,0.535
easy,0.08,0.01,cvar0.1,0.1,31,1,80.27652693576186,0.20849221046353872,81.32736562417612,1331,0.6149056110298261,81.11288826663258,83.59333811050007,88.19822636633155,0.0,0.635
easy,0.08,0.01,cvar0.1,0.1,32,1,79.4302475495622,1.1094209629997196,80.07977332923359,1310,0.7026750030345283,79.86696390992722,81.80130627651516,83.73040604729277,0.0,0.4475
easy,0.08,0.01,cvar0.1,0.1,33,1,79.88415939415812,0.727137680246515,80.60879476816412,1292,0.7445428930222988,80.44983426220884,82.53816534103757,85.59406927114624,0.0,0.495
easy,0.08,0.01,cvar0.1,0.1,34,1,80.03355500293591,1.7128676705284822,80.39750807827174,1352,0.7521463650045916,80.26269804039714,81.51498786057414,86.27236496437936,0.0,0.235
easy,0.08,0.01,cvar0.1,0.1,35,1,79.3338189701062,0.9780761512115994,79.96970336040218,1331,0.6568084460450336,79.74024257484743,81.39155892944582,85.28080144008936,0.0,0.47
easy,0.08,0.01,cvar0.1,0.1,36,1,79.61343843810717,0.1261054773039172,80.4652555385197,1294,0.7007106909877621,80.14583822919604,81.86426959966283,83.7929160052533,0.0,0.5475
easy,0.08,0.01,cvar0.1,0.1,37,1,80.14322927774458,0.35130952492751044,80.91907716468097,1309,0.785052995022852,80.81509882189117,82.67287487225605,87.22142360387842,0.0,0.6125
easy,0.08,0.01,cvar0.1,0.1,38,1,80.5334475893469,0.07969943550734104,81.66791413324192,1271,0.6070567650021985,81.3794574555603,84.36501020842971,88.37819778110781,0.0,0.6125
easy,0.08,0.01,cvar0.1,0.1,39,1,80.02474411019014,0.054322931350240466,81.28948106469318,1263,0.563846367993392,81.05805116364235,83.49942895889974,88.82054830600502,0.0,0.755
easy,0.08,0.01,cvar0.1,0.1,40,1,80.83184799741875,0.22120572923939674,81.74064999855659,1334,1.0776018829783425,81.6107800291075,83.97525207457592,91.6675869821022,0.0,0.5525
easy,0.08,0.01,cvar0.1,0.1,41,1,79.62415931597066,0.988076295190937,80.51676353815996,1305,1.0635250960476696,80.30846258367659,82.87021106920771,85.82899554763839,0.0,0.5675
easy,0.08,0.01,cvar0.1,0.1,42,1,79.80719905099471,0.4442532421589078,80.34283284646942,1332,1.0589725599857047,80.15941509791273,81.85592834612555,86.91375157953316,0.0,0.3625
easy,0.08,0.01,cvar0.1,0.1,43,1,80.58916228449075,1.751195484090227,81.05663723266552,1372,0.9191179759800434,80.9490085534442,82.41581253878826,84.73043559055355,0.0,0.3975
easy,0.08,0.01,cvar0.1,0.1,44,1,79.50814676769099,1.0836287227025136,80.37835289635898,1330,0.7281049610464834,80.10687588099844,81.96379785789689,85.09890273866223,0.0,0.5875
easy,0.08,0.01,cvar0.1,0.1,45,1,79.8136935547784,0.38533813889614743,80.89328576224283,1330,0.7583719330141321,80.50740750594431,82.61390863843489,87.56840558542842,0.0,0.6125
easy,0.08,0.01,cvar0.1,0.1,46,1,79.74377634884918,0.07117541441157771,80.52709320314838,1342,0.6545182469999418,80.37031318570642,82.45923251155124,86.78858053241042,0.0,0.565
easy,0.08,0.01,cvar0.1,0.1,47,1,81.22049256359497,1.7477151663817323,81.85283225072212,1297,0.7083581759943627,81.6073316457073,83.28877242614065,87.7588510570813,0.0,0.38
easy,0.08,0.01,cvar0.1,0.1,48,1,79.72673100086492,1.347626143077846,80.47771674164079,1354,1.0726335430517793,80.31853508591347,82.60197669252398,85.98761236336874,0.0,0.475
easy,0.08,0.01,cvar0.1,0.1,49,1,79.45738158480347,4.0,79.73207350728988,1362,1.0310005369829014,79.55033807724358,79.95898659125089,81.86355545036369,0.0,0.1025
easy,0.08,0.01,cvar0.5,0.5,0,1,80.53491242771602,0.8852771494745744,81.99557493329729,1315,0.8807493809727021,80.8861022518364,82.42339352895473,86.63473455710036,0.0,0.305
easy,0.08,0.01,cvar0.5,0.5,1,1,79.77793071342181,1.8780709633662682,81.05208708731607,1312,0.786247082054615,80.07810920040926,81.46196851345425,84.72234170954209,0.0,0.345
easy,0.08,0.01,cvar0.5,0.5,2,1,79.73886370383174,1.092144533972343,81.18756714739808,1285,0.6753866520011798,80.18565455429872,81.93547456142296,86.33841566254509,0.0,0.5175
easy,0.08,0.01,cvar0.5,0.5,3,1,80.06757023381194,1.054980649883845,81.16415773974865,1313,0.7924150410108268,80.29691809545552,81.51303859900155,84.69997431457314,0.0,0.32
easy,0.08,0.01,cvar0.5,0.5,4,1,79.78423601094907,1.2328088337483698,81.02738095196705,1298,0.7060995060019195,80.0694171223775,81.52998091588563,85.37813270156933,0.0,0.235
easy,0.08,0.01,cvar0.5,0.5,5,1,80.98897590692856,0.5855230886947642,82.4029485867606,1346,0.7787773430463858,81.4594837641654,83.35540552677216,86.5875873197344,0.0,0.43
easy,0.08,0.01,cvar0.5,0.5,6,1,79.98101664231328,0.8274328206846342,81.39382226978486,1296,0.7979396840091795,80.53837401996158,82.79264664444061,86.63549689795619,0.0,0.455
easy,0.08,0.01,cvar0.5,0.5,7,1,79.91099387469033,0.18238947455242704,81.77520731549328,1328,0.8106652669957839,80.79779042432327,83.25090674548944,86.66974115053469,0.0,0.7
easy,0.08,0.01,cvar0.5,0.5,8,1,81.17644677631432,1.254859226069029,83.10354689074543,1307,0.7633730949601158,81.62829887855153,83.50662010699904,85.83523473485435,0.0,0.4225
easy,0.08,0.01,cvar0.5,0.5,9,1,79.79033924624115,2.671981329333182,80.74463455245677,1357,0.8509976040222682,79.97102775898821,80.88164379368712,88.75498271323164,0.0,0.1775
easy,0.08,0.01,cvar0.5,0.5,10,1,79.66744434287409,3.0568588955980234,80.5404213420931,1326,1.020634583022911,79.79834073513877,80.71234948970634,82.96847145464947,0.0,0.1575
easy,0.08,0.01,cvar0.5,0.5,11,1,79.57755193423523,1.2356164450569989,80.7206634416731,1362,1.044975742988754,79.87136431671685,81.18360698026133,84.85857467900864,0.0,0.3725
easy,0.08,0.01,cvar0.5,0.5,12,1,82.6176654209326,0.9627808498509733,84.32959864635869,1326,0.8336897479603067,83.27791379235447,85.68552950029213,90.73929932787314,0.0,0.5825
easy,0.08,0.01,cvar0.5,0.5,13,1,80.39796852842319,0.378774002229356,81.56319319770569,1347,1.062855709984433,80.69101194271025,82.16711038650278,83.66056906215701,0.0,0.335
easy,0.08,0.01,cvar0.5,0.5,14,1,81.96563441138619,0.028753703203512337,84.2476356767655,1287,0.697413158020936,82.75798258391777,85.03073660763857,87.38612174001949,0.0,0.675
easy,0.08,0.01,cvar0.5,0.5,15,1,80.11738366916039,0.32457642492403593,81.48782397074737,1361,0.7866883059614338,80.57016945521382,82.2641380397525,85.05149795250534,0.0,0.46
easy,0.08,0.01,cvar0.5,0.5,16,1,79.96724035893165,4.0,80.89144405933123,1331,0.7562997650238685,80.0960733339631,80.9683423893791,85.13561585970129,0.0,0.1475
easy,0.08,0.01,cvar0.5,0.5,17,1,79.65904658113998,0.950610403892409,81.33825661914132,1325,0.7486322419717908,80.09429990760475,81.98685915851358,85.16508617992872,0.0,0.4275
easy,0.08,0.01,cvar0.5,0.5,18,1,80.14630267953196,0.42463367051310374,81.51282038600989,1319,0.7558179550105706,80.67356502324367,82.75151797630377,87.79553846282364,0.0,0.515
easy,0.08,0.01,cvar0.5,0.5,19,1,80.21800119687195,0.8060705762939948,81.59396935632196,1321,0.7743600630201399,80.57394859340687,82.30148782190066,85.77759438528766,0.0,0.425
easy,0.08,0.01,cvar0.5,0.5,20,1,80.3528907954172,2.8122289330517045,81.43761564509997,1292,0.7018077740212902,80.59620969459078,81.85896187981422,88.32580836590438,0.0,0.245
easy,0.08,0.01,cvar0.5,0.5,21,1,79.93147462082858,0.9020627336770146,81.3810084563569,1319,0.721048042003531,80.26278824464582,81.62211475561965,85.24769813512786,0.0,0.38
easy,0.08,0.01,cvar0.5,0.5,22,1,80.94407358224258,0.744048620224548,82.21324476598149,1288,0.7609090579790063,81.23119495024815,82.93432716593125,87.3764229671843,0.0,0.2825
easy,0.08,0.01,cvar0.5,0.5,23,1,80.72593749176396,0.22693809330170245,82.96642384086908,1300,0.7597710370318964,81.58981115531797,84.18428155821049,88.324356822002,0.0,0.695
easy,0.08,0.01,cvar0.5,0.5,24,1,81.11673691996975,0.478186051918446,82.98395636631484,1320,0.8107115749735385,81.82434983479017,84.03668644959309,88.2248049106356,0.0,0.5675
easy,0.08,0.01,cvar0.5,0.5,25,1,79.92285045773542,1.0938166962790081,81.33715257739172,1307,1.0793472829973325,80.25400769124178,81.70619869566364,84.87787151915748,0.0,0.3725
easy,0.08,0.01,cvar0.5,0.5,26,1,79.78359742859887,2.3599043258890258,80.88079227701306,1304,0.7635553199797869,79.95846418310234,81.0318254390598,84.41622518861705,0.0,0.2
easy,0.08,0.01,cvar0.5,0.5,27,1,79.5438918765525,0.6390712738398383,80.94418668933179,1322,0.7578143880236894,79.93170675495526,81.56538037794434,84.87975268393095,0.0,0.4175
easy,0.08,0.01,cvar0.5,0.5,28,1,79.47303502011188,4.0,80.27934866422291,1316,0.7613341319956817,79.5715967890666,80.15318968823482,84.61121665181572,0.0,0.13
easy,0.08,0.01,cvar0.5,0.5,29,1,81.91513384471281,1.163474803393986,83.38917980053421,1335,0.852089628984686,82.30600575765583,83.74633621342605,91.86125752106844,0.0,0.4125
easy,0.08,0.01,cvar0.5,0.5,30,1,79.98026638884906,1.193681150026999,81.36562389052726,1340,0.75661552202655,80.3991532314559,82.12623872064879,86.23025200325294,0.0,0.3575
easy,0.08,0.01,cvar0.5,0.5,31,1,80.30249770625836,0.20849221046353872,82.47840039743664,1331,0.7665777829824947,81.1328917128393,83.61998833456067,88.2230503296034,0.0,0.63
easy,0.08,0.01,cvar0.5,0.5,32,1,79.40985503886992,1.1094209629997196,80.91725044235938,1310,0.723418292007409,79.84788346575999,81.78663964572576,83.67311403548581,0.0,0.45
easy,0.08,0.01,cvar0.5,0.5,33,1,79.88744588841607,0.727137680246515,81.52733700881248,1292,0.7570433410000987,80.39754306056903,82.32657595218451,85.4674397267261,0.0,0.495
easy,0.08,0.01,cvar0.5,0.5,34,1,79.87292632685192,1.7128676705284822,80.89149761028202,1352,0.9857851610286161,80.12051035710739,81.40650005104018,86.94548957169565,0.0,0.23
easy,0.08,0.01,cvar0.5,0.5,35,1,79.3338189701062,0.9780761512115994,80.81691640571307,1331,0.987766937003471,79.74024257484743,81.39155892944582,85.28080144008936,0.0,0.47
easy,0.08,0.01,cvar0.5,0.5,36,1,79.65442749142743,0.32726526407700973,81.47327389701492,1294,0.9705658539896831,80.16716277251078,81.9308741549514,83.30536038749685,0.0,0.51
easy,0.08,0.01,cvar0.5,0.5,37,1,80.29254942765566,1.067149318429121,81.87995511920175,1309,0.9892429969622754,80.88604114627086,82.75716634983169,89.32864526587866,0.0,0.585
easy,0.08,0.01,cvar0.5,0.5,38,1,80.42083073475355,0.07969943550734104,82.56007600470178,1271,0.6876104680122808,81.20574373957048,83.71998388317056,91.37444683117165,0.0,0.6
easy,0.08,0.01,cvar0.5,0.5,39,1,80.04820422479526,0.054322931350240466,82.59986626309122,1263,0.7055898329708725,81.07566237599603,83.5392950938238,87.78581898046026,0.0,0.775
easy,0.08,0.01,cvar0.5,0.5,40,1,80.60392534590936,0.19740479519167553,82.39065574024376,1334,0.8027580109774135,81.28127011258192,83.85183205084505,86.61761938027053,0.0,0.5575
easy,0.08,0.01,cvar0.5,0.5,41,1,79.64607972142385,0.988076295190937,81.57283342347449,1305,0.7370895640342496,80.32149978974128,82.66981039015822,85.86032942609194,0.0,0.5675
easy,0.08,0.01,cvar0.5,0.5,42,1,79.80719905099471,0.4442532421589078,81.10446853789188,1332,0.7516554970061406,80.15941509791273,81.85592834612555,86.91375157953316,0.0,0.3625
easy,0.08,0.01,cvar0.5,0.5,43,1,80.58916228449075,1.751195484090227,81.76875339808869,1372,0.8286952080088668,80.9490085534442,82.41581253878826,84.73043559055355,0.0,0.3975
easy,0.08,0.01,cvar0.5,0.5,44,1,79.48215365377852,1.0836287227025136,81.36564839837293,1330,0.7431120679830201,80.14681417808097,82.27808984216786,86.38082330943955,0.0,0.6125
easy,0.08,0.01,cvar0.5,0.5,45,1,80.12676329910697,0.5609327828591182,82.04902744966779,1330,0.7757869199849665,80.64689537526714,82.38768437107522,86.69698793588233,0.0,0.525
easy,0.08,0.01,cvar0.5,0.5,46,1,80.03725726909849,1.288987258152965,81.30692423807851,1342,0.8303235659841448,80.46706837454965,82.4783445143377,84.73384598859614,0.0,0.4025
easy,0.08,0.01,cvar0.5,0.5,47,1,81.22049256359497,1.7477151663817323,82.71285368706181,1297,0.7341281059780158,81.6073316457073,83.28877242614065,87.7588510570813,0.0,0.38
easy,0.08,0.01,cvar0.5,0.5,48,1,79.74267562043985,1.39316165848436,81.41729606606134,1354,0.7858653499861248,80.40470563084669,83.00158322303766,87.52988852458705,0.0,0.555
easy,0.08,0.01,cvar0.5,0.5,49,1,79.45738158480347,4.0,80.30489425710769,1362,0.7373151609790511,79.54552843547367,80.06182091425596,83.03864387353552,0.0,0.105
easy,0.08,0.01,cvar0.9,0.9,0,1,81.64627092755684,2.495903364947085,85.59370585187276,1315,0.9964531150180846,81.8377382480538,82.99022623095989,85.1754323647773,0.0,0.255
easy,0.08,0.01,cvar0.9,0.9,1,1,80.0296294602867,3.2699893554014996,83.09326854935348,1312,0.9346728880191222,80.20679303712026,81.26249622421425,83.32257962935383,0.0,0.2425
easy,0.08,0.01,cvar0.9,0.9,2,1,80.47070182042211,2.1491273854854893,84.48646656948307,1285,0.979116044996772,80.7644530322952,82.18199079391681,86.2630656066569,0.0,0.3625
easy,0.08,0.01,cvar0.9,0.9,3,1,80.47694367409458,2.7499430639563496,83.06489863971775,1313,0.8852385269710794,80.65563129864769,81.85299080527714,85.94709640791321,0.0,0.2125
easy,0.08,0.01,cvar0.9,0.9,4,1,80.42012079291244,3.9701871115553913,83.4015993685231,1298,0.6999687280040234,80.53463909293134,81.1400862841234,83.77384749470923,0.0,0.1575
easy,0.08,0.01,cvar0.9,0.9,5,1,81.42158043497183,1.7434070552308496,85.59311819408408,1346,0.7635460019810125,81.79107333001782,83.16491080650755,90.79110375602822,0.0,0.38
easy,0.08,0.01,cvar0.9,0.9,6,1,81.22950324502753,1.2257514810845522,85.05942059846026,1296,0.6685682149836794,81.5787478338594,83.06660407925429,86.04000943846654,0.0,0.3925
easy,0.08,0.01,cvar0.9,0.9,7,1,80.99131242217095,1.8302705362730904,84.94400107366043,1328,0.746553142031189,81.41021272643567,83.22767750593478,87.33136850055959,0.0,0.405
easy,0.08,0.01,cvar0.9,0.9,8,1,81.52248418780611,1.5664697265257788,87.9261881945135,1307,1.1114149880013429,81.83534484159115,83.23044789458635,87.13725032539783,0.0,0.39
easy,0.08,0.01,cvar0.9,0.9,9,1,79.88446929795747,4.0,82.1021972614707,1357,0.9876485129934736,79.97589204825066,80.61846789472575,83.78085770328485,0.0,0.1425
easy,0.08,0.01,cvar0.9,0.9,10,1,79.70318089791363,3.2385770697183354,82.0715367704178,1326,1.0554693789454177,79.83180442429975,80.46799250005246,83.47332159996908,0.0,0.175
easy,0.08,0.01,cvar0.9,0.9,11,1,79.98182181138543,3.0346202869569128,82.67874662179936,1362,0.9625145350000821,80.1598003110472,81.03460795215565,85.61370062713902,0.0,0.1975
easy,0.08,0.01,cvar0.9,0.9,12,1,83.09042516905902,0.978579484441682,88.90809541437186,1326,0.716582610970363,83.68792223636832,85.6298000137005,93.90131064795445,0.0,0.625
easy,0.08,0.01,cvar0.9,0.9,13,1,80.9859667865492,1.5655120884691007,83.96769447381628,1347,0.6937608940061182,81.17999895452536,82.20004542631553,84.19958115205631,0.0,0.27
easy,0.08,0.01,cvar0.9,0.9,14,1,84.35956187103966,3.001587914231097,88.00558828004675,1287,0.7312104420270771,84.63654282408355,85.99270143132516,89.89697554048105,0.0,0.265
easy,0.08,0.01,cvar0.9,0.9,15,1,80.25396867121528,0.32457642492403593,84.9614600907495,1361,0.8638474129838869,80.67096985018615,82.19095102221893,87.33621684429923,0.0,0.44
easy,0.08,0.01,cvar0.9,0.9,16,1,80.00283485809325,4.0,82.74692031039577,1331,0.6911979800206609,80.14274055933458,81.18761348802158,84.49088829682242,0.0,0.1575
easy,0.08,0.01,cvar0.9,0.9,17,1,80.36280349442801,1.6457119281867265,85.73327302747713,1325,0.7017501350492239,80.75740909098857,82.36357597513963,86.87954690669542,0.0,0.41
easy,0.08,0.01,cvar0.9,0.9,18,1,80.24445409395003,0.8547509069360828,84.50287806815436,1319,0.6270499259699136,80.54067838575916,81.88407124106661,83.9306730892154,0.0,0.35
easy,0.08,0.01,cvar0.9,0.9,19,1,80.4978988059822,1.4604804567511191,84.6868458976371,1321,0.7132953079999425,80.766068487384,81.80784570962655,89.23199735987288,0.0,0.3775
easy,0.08,0.01,cvar0.9,0.9,20,1,80.49911423506619,3.029163953647682,83.91841425249214,1292,0.8258537870133296,80.71783446440631,81.77407630187818,84.32309767496638,0.0,0.2325
easy,0.08,0.01,cvar0.9,0.9,21,1,80.25439990506325,1.4822109170372668,84.67206121809916,1319,0.9874755759956315,80.54110224051519,81.98438291173673,85.73082483517037,0.0,0.32
easy,0.08,0.01,cvar0.9,0.9,22,1,81.35946908743212,2.2040007871001492,84.39443574949759,1288,0.9933359629940242,81.58637594592878,82.7203232229373,87.75504715890779,0.0,0.2925
easy,0.08,0.01,cvar0.9,0.9,23,1,83.12143533648629,1.3671280374020194,87.93806712247331,1300,0.9825124350027181,83.50485842395797,85.14765215378122,88.51473863473721,0.0,0.405
easy,0.08,0.01,cvar0.9,0.9,24,1,81.64771059135393,0.478186051918446,88.0263272873486,1320,0.7350762190180831,82.13343744870755,83.71052077575888,86.48257444657796,0.0,0.6
easy,0.08,0.01,cvar0.9,0.9,25,1,80.2193005661849,1.9880114479082058,84.86777765799637,1307,0.7711974650155753,80.59099074644952,82.44927275633825,84.677722285765,0.0,0.33
easy,0.08,0.01,cvar0.9,0.9,26,1,80.09168732212336,2.862653475557876,83.21979003610943,1304,0.6334213889786042,80.26690079362699,81.3266515158468,87.1369036212894,0.0,0.2025
easy,0.08,0.01,cvar0.9,0.9,27,1,81.01153996038069,4.0,83.53603291653334,1322,0.6694658509804867,81.16052424571575,82.13889614171254,83.85834408333332,0.0,0.2175
easy,0.08,0.01,cvar0.9,0.9,28,1,79.50012342530752,4.0,81.63916958626216,1316,0.747134480974637,79.61494426489608,80.03410028179336,85.4867189074384,0.0,0.13
easy,0.08,0.01,cvar0.9,0.9,29,1,82.16126538768681,2.338206121293557,86.2889315012762,1335,0.763742754003033,82.44768561636964,83.98024060313669,86.30886234474504,0.0,0.3275
easy,0.08,0.01,cvar0.9,0.9,30,1,80.47294461987461,3.3912983506040186,83.63522708917547,1340,0.7538233550149016,80.66953992020368,81.71814044594672,86.27787072935466,0.0,0.2175
easy,0.08,0.01,cvar0.9,0.9,31,1,81.88255291586007,2.2855822490595217,86.73486613299528,1331,0.7371509000076912,82.18092670939069,83.42243466173441,86.62957920970237,0.0,0.3675
easy,0.08,0.01,cvar0.9,0.9,32,1,79.49506799506436,1.1094209629997196,84.67724788749418,1310,0.7062774530495517,79.94311493239667,81.78485779926173,83.9706018352672,0.0,0.465
easy,0.08,0.01,cvar0.9,0.9,33,1,80.31149952156726,1.0320839993298936,86.09989683045407,1292,0.6467999370070174,80.75623867118915,82.40681862545037,85.44457525545124,0.0,0.4375
easy,0.08,0.01,cvar0.9,0.9,34,1,80.25236396214885,3.2250190648007906,82.80238871150561,1352,0.7410647079814225,80.40447730743635,81.26558509159133,84.24371276183163,0.0,0.1625
easy,0.08,0.01,cvar0.9,0.9,35,1,79.64980574953442,0.9780761512115994,84.06048675876076,1331,0.7115132389590144,80.00674941910235,81.31523486802554,86.37371803226843,0.0,0.4375
easy,0.08,0.01,cvar0.9,0.9,36,1,80.37728775804196,1.5208577931111436,85.37549070251913,1294,0.702182843000628,80.74462334445856,82.20917705252054,85.7704079688995,0.0,0.38
easy,0.08,0.01,cvar0.9,0.9,37,1,81.53676427952624,1.8497591590797198,85.36229100223143,1309,0.7118077760096639,81.91017741171115,83.58050719273096,88.52301064041566,0.0,0.3625
easy,0.08,0.01,cvar0.9,0.9,38,1,81.76097472540823,1.3062636683517206,87.76819094066973,1271,0.83114626101451,82.18395042969209,83.76251690597908,85.56471961750952,0.0,0.52
easy,0.08,0.01,cvar0.9,0.9,39,1,82.84491480318867,0.703437370111855,88.43315051861049,1263,1.019389749970287,83.30846715471988,84.85292269338555,87.50660397483304,0.0,0.5225
easy,0.08,0.01,cvar0.9,0.9,40,1,81.20611767017081,1.4997323245292957,86.09693287431844,1334,0.695584150031209,81.68233545452152,83.32596762719045,87.08331177423435,0.0,0.545
easy,0.08,0.01,cvar0.9,0.9,41,1,80.93834939228202,1.1037635417699372,85.68924296110205,1305,0.6841876579564996,81.36043861156435,83.10760285591333,86.17904582604942,0.0,0.4475
easy,0.08,0.01,cvar0.9,0.9,42,1,79.70536040372295,1.0802651962037246,83.90121123547338,1332,0.6461921079899184,80.0387495792239,81.35569053983173,86.67939210500444,0.0,0.3725
easy,0.08,0.01,cvar0.9,0.9,43,1,80.87524796388823,2.0642138606963125,83.87364177609986,1372,0.8584642980131321,81.0542283472777,82.04007636408092,84.97852968712725,0.0,0.23
easy,0.08,0.01,cvar0.9,0.9,44,1,82.16042941528198,3.635603090570804,85.11281517952463,1330,0.772335696965456,82.33909827978653,83.30875703319076,87.3864777468302,0.0,0.2075
easy,0.08,0.01,cvar0.9,0.9,45,1,81.68519484205203,2.601002108955184,86.4791168064918,1330,0.7898116700234823,82.00418770464694,83.390761769986,86.3707602869656,0.0,0.3675
easy,0.08,0.01,cvar0.9,0.9,46,1,80.68129235577621,2.9080380484302717,83.71862433914426,1342,0.8081064409925602,80.95221460018891,82.46690741534097,85.1194744018742,0.0,0.3175
easy,0.08,0.01,cvar0.9,0.9,47,1,81.5337415075789,1.7477151663817323,86.16034119542432,1297,0.7594994829851203,81.83212082106994,83.3462270505235,89.15547819729908,0.0,0.28
easy,0.08,0.01,cvar0.9,0.9,48,1,80.11010237110189,1.39316165848436,85.7655091894928,1354,0.9963404930313118,80.61307287801993,82.5186491093248,85.73895826290108,0.0,0.5475
easy,0.08,0.01,cvar0.9,0.9,49,1,79.52329108338084,4.0,81.746199993634,1362,1.1002144770463929,79.60945713755002,80.07145841770023,82.85089342500098,0.0,0.085
easy,0.08,0.05,rrtstar,,0,1,80.46602946837616,0.6082653543687431,80.46602946837614,1315,0.1946283289580606,82.5574600110289,91.14430418219621,118.73396979480698,0.0,0.38
easy,0.08,0.05,rrtstar,,1,1,79.6371249824405,0.6511637806797594,79.6371249824405,1312,0.15591237699845806,82.04908687359581,92.73664695499644,108.49729423354091,0.0,0.4725
easy,0.08,0.05,rrtstar,,2,1,79.52337363339116,0.046110385952773614,79.52337363339113,1285,0.16324210196034983,83.12909641669341,94.94871850240212,117.57899615607732,0.0,0.5775
easy,0.08,0.05,rrtstar,,3,1,79.85990333195221,0.34593360621493785,79.85990333195222,1313,0.19232937297783792,82.11654617760807,92.4378126029056,119.29562758722184,0.0025,0.4325
easy,0.08,0.05,rrtstar,,4,1,79.78423601094907,1.2328088337483698,79.78423601094909,1298,0.15514162002364174,81.21014156809125,88.51296053563193,107.75371946405042,0.0,0.235
easy,0.08,0.05,rrtstar,,5,1,80.84930293032154,0.04084586820136238,80.84930293032153,1346,0.16385278600500897,84.19816946903306,96.50167744535175,112.50414322416376,0.0,0.5225
easy,0.08,0.05,rrtstar,,6,1,79.9780141617123,0.8129749871975107,79.9780141617123,1296,0.15756341797532514,82.70365962171992,91.57396451668484,124.50021240090484,0.0025,0.495
easy,0.08,0.05,rrtstar,,7,1,79.94578696218534,0.11376718660287533,79.94578696218537,1328,0.18706407997524366,84.79251497568723,98.72741221002568,126.0150017103158,0.0025,0.675
easy,0.08,0.05,rrtstar,,8,1,80.30774815859124,0.02981228939398539,80.30774815859121,1307,0.15275715303141624,84.95339491335375,100.13576549169709,127.89459662588715,0.0025,0.685
easy,0.08,0.05,rrtstar,,9,1,79.81970302485954,2.671981329333182,79.81970302485955,1357,0.16031386703252792,81.03580264328347,89.12133111432145,114.38149561010655,0.0,0.18
easy,0.08,0.05,rrtstar,,10,1,79.66541752079557,3.0568588955980234,79.66541752079554,1326,0.17070968699408695,80.2463600152116,83.57981443914396,93.23695605872786,0.0,0.17
easy,0.08,0.05,rrtstar,,11,1,79.55240370675511,1.2356164450569989,79.55240370675511,1362,0.15760147001128644,81.15377756463151,88.90913083052692,113.88569401552584,0.0,0.305
easy,0.08,0.05,rrtstar,,12,1,82.10069746021134,0.23970655600324386,82.10069746021135,1326,0.16080747998785228,87.45228977726693,101.84535088862518,131.68994268226538,0.0025,0.7125
easy,0.08,0.05,rrtstar,,13,1,80.38809807512283,0.378774002229356,80.38809807512281,1347,0.16089013603050262,82.49545558972372,92.30630484273694,114.70873340942617,0.0,0.325
easy,0.08,0.05,rrtstar,,14,1,81.75469863739534,0.028753703203512337,81.75469863739534,1287,0.26456580497324467,86.66749581012301,98.09745151050998,121.58453547878793,0.0025,0.7375
easy,0.08,0.05,rrtstar,,15,1,80.10636120974122,0.32457642492403593,80.10636120974122,1361,0.2756974560325034,82.75186825713845,93.15527171058457,108.30456065247326,0.0,0.4775
easy,0.08,0.05,rrtstar,,16,1,79.52717535743658,0.19707779595302233,79.52717535743658,1331,0.18650012399302796,81.75017037206199,91.3228403056672,110.97684328218757,0.0,0.4
easy,0.08,0.05,rrtstar,,17,1,79.65803197668426,0.950610403892409,79.65803197668426,1325,0.16471183998510242,81.86728317717933,91.57365838967107,111.72844266055209,0.0,0.415
easy,0.08,0.05,rrtstar,,18,1,80.13806460759047,0.31309770085942956,80.1380646075905,1319,0.1566099949995987,82.87913588290672,93.32388914994316,114.74239775529685,0.0,0.4125
easy,0.08,0.05,rrtstar,,19,1,80.14466104149251,0.3461168973041042,80.1446610414925,1321,0.15713492798386142,82.0595568420199,90.25155471296817,105.32360416417028,0.0,0.4125
easy,0.08,0.05,rrtstar,,20,1,80.12442771209318,0.7905866311837677,80.12442771209318,1292,0.15794212400214747,82.02510821426235,89.78970608055536,127.33827810204798,0.005,0.3325
easy,0.08,0.05,rrtstar,,21,1,79.92037338716233,0.8719031266776822,79.92037338716233,1319,0.15858472796389833,81.8152045085659,91.01593632828859,99.48757168443117,0.0,0.34
easy,0.08,0.05,rrtstar,,22,1,80.92371530879467,0.03766025912394655,80.9237153087947,1288,0.15647066198289394,82.92445290650554,91.42217295621971,133.5924513480669,0.0025,0.405
easy,0.08,0.05,rrtstar,,23,1,80.6634668768206,0.22693809330170245,80.66346687682065,1300,0.15173992002382874,85.00793537846015,96.6867631665333,116.77120490797796,0.0,0.665
easy,0.08,0.05,rrtstar,,24,1,81.13586233277135,0.39511103023014327,81.13586233277131,1320,0.16077266400679946,84.66373355352954,98.90523451378466,120.24302393997029,0.0025,0.495
easy,0.08,0.05,rrtstar,,25,1,79.92220304335025,1.0938166962790081,79.92220304335027,1307,0.1535548809915781,81.71952761610164,89.74328337942481,109.34635936117753,0.0,0.3825
easy,0.08,0.05,rrtstar,,26,1,79.63704559974983,1.623281522140367,79.63704559974983,1304,0.1529718690435402,81.34804637067097,90.51460900444874,116.0503227524507,0.0,0.3175
easy,0.08,0.05,rrtstar,,27,1,79.49940425087644,0.3441559027317376,79.49940425087644,1322,0.15179135801736265,82.37941205129418,93.10372534487819,122.79731047594312,0.0025,0.465
easy,0.08,0.05,rrtstar,,28,1,79.47303502011188,4.0,79.4730350201119,1316,0.1514920310000889,79.96584386488544,82.87380836072664,105.1639431786311,0.0,0.13
easy,0.08,0.05,rrtstar,,29,1,81.24967212233987,0.058311114969847644,81.24967212233987,1335,0.15714938601013273,86.47773307031952,99.89256918333133,137.15192983303086,0.005,0.665
easy,0.08,0.05,rrtstar,,30,1,79.64117031817932,0.8267878171702843,79.64117031817932,1340,0.16662943398114294,83.45441527875997,94.3267001121365,131.91982656139575,0.0025,0.52
easy,0.08,0.05,rrtstar,,31,1,80.25507739428731,0.16779213169625962,80.25507739428728,1331,0.15976623201277107,83.69411327813819,96.62438202549791,109.61214347968118,0.0,0.5825
easy,0.08,0.05,rrtstar,,32,1,79.42036055406317,1.0708965217316955,79.42036055406317,1310,0.15784521104069427,81.71137852803969,91.11873757272711,108.68258576485242,0.0,0.39
easy,0.08,0.05,rrtstar,,33,1,79.7743777314912,0.03542763431232743,79.7743777314912,1292,0.16773664799984545,83.22441302611088,94.65620371495166,110.14461508960379,0.0,0.55
easy,0.08,0.05,rrtstar,,34,1,80.19112026629384,1.8865415829612187,80.19112026629385,1352,0.15819399000611156,81.24961622968256,86.8634559866671,107.1271002258319,0.0,0.215
easy,0.08,0.05,rrtstar,,35,1,79.30161380175653,0.4857592421496726,79.30161380175653,1331,0.15601720503764227,82.00076050994022,92.77131976243749,108.88368234831425,0.0,0.445
easy,0.08,0.05,rrtstar,,36,1,79.61027885387132,0.1261054773039172,79.61027885387134,1294,0.14666883496101946,82.57187499013654,93.18675557820444,107.18655073610479,0.0,0.4975
easy,0.08,0.05,rrtstar,,37,1,80.17673562141901,0.35130952492751044,80.17673562141901,1309,0.1666219310136512,83.57884487377343,93.98624114436821,117.21235055739338,0.0,0.5775
easy,0.08,0.05,rrtstar,,38,1,80.26285004872352,0.07969943550734104,80.26285004872354,1271,0.2809465980390087,85.19674489329518,97.99296736656457,124.81407887173498,0.0025,0.6725
easy,0.08,0.05,rrtstar,,39,1,80.03859745447912,0.004960295158952466,80.03859745447912,1263,0.2742226079571992,85.33710147926482,98.63104827463769,131.56453036030322,0.0025,0.7325
easy,0.08,0.05,rrtstar,,40,1,80.81668525795631,0.22120572923939674,80.81668525795628,1334,0.28024682600516826,85.29680992945524,99.42186987138129,123.64404774575402,0.0025,0.5875
easy,0.08,0.05,rrtstar,,41,1,79.54877793958235,0.10760286833400556,79.54877793958238,1305,0.26624422799795866,83.28409598035401,97.11361826339129,117.45686010719069,0.0,0.595
easy,0.08,0.05,rrtstar,,42,1,79.82099900595337,0.4442532421589078,79.82099900595337,1332,0.1589213350089267,81.4385487592354,88.36822625763065,118.56825330054738,0.0,0.35
easy,0.08,0.05,rrtstar,,43,1,80.35303383347647,0.526292579315486,80.35303383347649,1372,0.17933571204775944,83.32549954021509,93.41134666062574,110.81093795350348,0.0,0.515
easy,0.08,0.05,rrtstar,,44,1,79.49684688724307,0.973271491173161,79.49684688724302,1330,0.16368416795739904,82.71077562356628,93.8995893385375,116.4606939121889,0.0,0.4925
easy,0.08,0.05,rrtstar,,45,1,79.76682021752613,0.38533813889614743,79.76682021752609,1330,0.15987705095903948,83.5844745731267,94.69576785712482,109.19338242205188,0.0,0.635
easy,0.08,0.05,rrtstar,,46,1,79.74377634884918,0.07117541441157771,79.7437763488492,1342,0.1643589329905808,82.89185513058746,93.74289953604666,110.4074590584376,0.0,0.5875
easy,0.08,0.05,rrtstar,,47,1,81.36542946250498,1.9424431007251677,81.365429462505,1297,0.15614333300618455,83.00527834466051,90.38745239553678,125.26028995027059,0.0025,0.3525
easy,0.08,0.05,rrtstar,,48,1,79.68685806641254,1.2017211913427868,79.68685806641255,1354,0.1621417209971696,83.02204182931986,94.12375430441571,111.34263425372427,0.0,0.5325
easy,0.08,0.05,rrtstar,,49,1,79.45738158480347,4.0,79.45738158480347,1362,0.15426820900756866,80.04141048245033,83.86925431969095,96.78330081209954,0.0,0.1125
easy,0.08,0.05,neutral,0.0,0,1,80.60858098102578,0.8852771494745744,82.58556202607947,1315,0.3187965429970063,82.14227462912686,89.24523802759775,109.07474005380398,0.0,0.35
easy,0.08,0.05,neutral,0.0,1,1,80.0296294602867,3.2699893554014996,80.91112887936761,1312,0.3524987359996885,80.91544734445449,86.19396327992449,96.49438030562236,0.0,0.2425
easy,0.08,0.05,neutral,0.0,2,1,80.00224124043683,1.092144533972343,81.67990712130201,1285,0.31955543701769784,82.04227732226238,89.07042027451334,113.02186470432231,0.0,0.5025
easy,0.08,0.05,neutral,0.0,3,1,80.44478702336667,2.7499430639563496,80.90299799537297,1313,0.3288533120066859,81.35417232277854,87.28706866078026,108.89295781150622,0.0,0.2025
easy,0.08,0.05,neutral,0.0,4,1,79.88305895462797,1.2328088337483698,81.31499074112133,1298,0.35071649798192084,81.11331451924607,87.96029272402794,101.64700504204826,0.0,0.26
easy,0.08,0.05,neutral,0.0,5,1,81.27070914920907,1.5701541643436283,82.96964615111973,1346,0.3534657140262425,83.13090502441509,92.6019120236458,109.46238849587446,0.0,0.3425
easy,0.08,0.05,neutral,0.0,6,1,80.18512113220095,0.8274328206846342,82.06491563497315,1296,0.3244056049734354,82.9113940371079,94.1456842320297,114.50891618041456,0.0,0.45
easy,0.08,0.05,neutral,0.0,7,1,80.86572081253328,1.8302705362730904,82.29939829248393,1328,0.33931653999025,82.88856875655085,91.47690208030164,110.96988022578648,0.0,0.4325
easy,0.08,0.05,neutral,0.0,8,1,81.48267565111097,1.5664697265257788,84.07646366875905,1307,0.3557689080480486,83.1317540450026,90.12261921502265,108.28696425461392,0.0,0.4
easy,0.08,0.05,neutral,0.0,9,1,79.91951362726472,4.0,80.50812851704927,1357,0.3691258450271562,80.39973388501895,83.78921162552464,99.2567924535986,0.0,0.1425
easy,0.08,0.05,neutral,0.0,10,1,79.65583751540997,3.1237771873809415,80.27313828085092,1326,0.34762651700293645,80.31123332724114,84.97384923403365,94.39722146251465,0.0,0.1575
easy,0.08,0.05,neutral,0.0,11,1,79.98182181138543,3.0346202869569128,80.72479973557307,1362,0.35499068698845804,80.87171430969424,85.24575251523649,108.14121589015339,0.0,0.1975
easy,0.08,0.05,neutral,0.0,12,1,82.79048459528042,0.9627808498509733,85.20861241186054,1326,0.5563900140114129,85.6801090371243,98.00415915201145,123.33448588420077,0.0025,0.5275
easy,0.08,0.05,neutral,0.0,13,1,80.39796852842319,0.378774002229356,81.73619381819873,1347,0.6181824049563147,81.8631855998585,89.24367781882124,96.71097119709225,0.0,0.335
easy,0.08,0.05,neutral,0.0,14,1,84.29345354391921,3.001587914231097,85.51255262757996,1287,0.5405546819674782,85.6350918417436,92.25873061997916,131.778850101053,0.0025,0.275
easy,0.08,0.05,neutral,0.0,15,1,80.13115991687133,0.32457642492403593,82.0010095944134,1361,0.4987959290156141,82.35924160450614,91.62924650674765,106.58788178695394,0.0,0.465
easy,0.08,0.05,neutral,0.0,16,1,80.02119363786058,4.0,80.59621791793323,1331,0.3716395170195028,80.64335914187603,84.63336837747283,105.3441241722856,0.0,0.1475
easy,0.08,0.05,neutral,0.0,17,1,79.8855200307252,1.3049161208895028,82.1764609505839,1325,0.3276390770333819,81.9398403493946,89.86713885615193,105.07559626598176,0.0,0.455
easy,0.08,0.05,neutral,0.0,18,1,80.28731218217563,0.8547509069360828,81.94644480244621,1319,0.3807141400175169,82.34386930313676,91.2782459859551,113.17413522527579,0.0,0.4125
easy,0.08,0.05,neutral,0.0,19,1,80.33624504510344,0.8060705762939948,82.00268846842506,1321,0.33887139800935984,82.13321494879492,89.87992437612414,119.5792842463693,0.0025,0.405
easy,0.08,0.05,neutral,0.0,20,1,80.27676607278077,3.029163953647682,81.41861809712039,1292,0.30717670801095665,81.11749294084389,86.33934119981444,101.67593166027363,0.0,0.2025
easy,0.08,0.05,neutral,0.0,21,1,80.23241270347876,1.4822109170372668,81.77416947533959,1319,0.3296736020129174,81.51534345831385,88.29885418667288,107.15286373227929,0.0,0.3175
easy,0.08,0.05,neutral,0.0,22,1,81.27952511549911,2.063804499435946,82.23673977266809,1288,0.34162847901461646,82.63689608635843,89.5932142935959,118.64986801279974,0.0,0.2375
easy,0.08,0.05,neutral,0.0,23,1,81.52656922839407,1.2741685874405126,84.55309882039965,1300,0.33643072500126436,84.90936773544512,96.49068114494352,115.88793181506256,0.0,0.575
easy,0.08,0.05,neutral,0.0,24,1,81.12569657144982,0.478186051918446,84.18169990980742,1320,0.3643926979857497,84.54053238745739,95.38631394568728,114.01862572715318,0.0,0.5675
easy,0.08,0.05,neutral,0.0,25,1,79.93715110137964,1.0938166962790081,81.86439733103349,1307,0.423022311006207,82.29605545855611,93.51806301859122,113.86091789185133,0.0,0.4025
easy,0.08,0.05,neutral,0.0,26,1,79.86536836018453,2.4473432582311703,80.95747183031258,1304,0.4770005620084703,80.78265152404335,86.40495837987348,102.98209311643056,0.0,0.245
easy,0.08,0.05,neutral,0.0,27,1,80.04847218584412,1.1651859582095079,81.3035332724664,1322,0.49513811501674354,81.34676883452187,88.29927929035955,101.46648353858723,0.0,0.35
easy,0.08,0.05,neutral,0.0,28,1,79.47303502011188,4.0,79.94648408316156,1316,0.36874712898861617,79.96584386488544,82.87380836072664,105.1639431786311,0.0,0.13
easy,0.08,0.05,neutral,0.0,29,1,82.11596325405762,2.338206121293557,83.64380737260686,1335,0.391503103019204,83.39741188884872,90.13666953478626,107.59504622485518,0.0,0.3275
easy,0.08,0.05,neutral,0.0,30,1,80.45117584722308,3.3912983506040186,81.40486020373423,1340,0.3713075300329365,81.41272206757887,86.59980747126619,104.28952558683162,0.0,0.2325
easy,0.08,0.05,neutral,0.0,31,1,81.67857665633709,2.2070154430961413,83.6106212639894,1331,0.37372260401025414,83.52579295865046,92.41121617572092,110.65904853672727,0.0,0.3775
easy,0.08,0.05,neutral,0.0,32,1,79.4842968497882,1.1094209629997196,81.55228731528732,1310,0.32453565002651885,81.55486504618212,90.24241568528065,102.38151193618371,0.0,0.465
easy,0.08,0.05,neutral,0.0,33,1,80.06707743053961,0.7795497730422829,82.54057396954357,1292,0.32798533100867644,83.06991849559785,95.06825386541072,121.89381747441904,0.0025,0.52
easy,0.08,0.05,neutral,0.0,34,1,79.87292632685192,1.7128676705284822,80.77364930583569,1352,0.3523965429631062,80.6892945547437,84.80003327494575,104.94800833845431,0.0,0.2325
easy,0.08,0.05,neutral,0.0,35,1,79.39433291835773,0.9780761512115994,81.44354471787268,1331,0.3457214969675988,81.57457088828377,89.4414066384969,106.32433737255023,0.0,0.5425
easy,0.08,0.05,neutral,0.0,36,1,80.10922778940042,1.5208577931111436,82.2470922855399,1294,0.4987716230098158,82.17214831554448,89.836352765458,108.39175259538706,0.0,0.415
easy,0.08,0.05,neutral,0.0,37,1,80.5612720810431,1.067149318429121,82.49623093242165,1309,0.5223794059711508,83.00378103411829,92.55886268494935,121.8520819312079,0.0025,0.5375
easy,0.08,0.05,neutral,0.0,38,1,80.6313263706567,0.4731784734304023,84.10329664994751,1271,0.412154718011152,83.88803557005103,93.37461746942614,115.08328376885797,0.0,0.6525
easy,0.08,0.05,neutral,0.0,39,1,80.69877978548696,0.054322931350240466,84.93031045210402,1263,0.36361010902328417,84.99709599302099,98.84937137389024,125.09957344722139,0.0025,0.665
easy,0.08,0.05,neutral,0.0,40,1,81.55300975211188,1.4997323245292957,83.18281078088265,1334,0.409980048018042,84.0638503107402,93.4367907656331,107.43851852714438,0.0,0.49
easy,0.08,0.05,neutral,0.0,41,1,80.04377000656189,1.3926054115923305,82.69688606062047,1305,0.3717420399771072,82.42302119739387,92.30652955160197,107.85738126816865,0.0,0.46
easy,0.08,0.05,neutral,0.0,42,1,79.77500628733831,0.4442532421589078,81.54619427707445,1332,0.37451219599461183,81.50143616822608,88.12833061470837,119.19181927495825,0.0025,0.3675
easy,0.08,0.05,neutral,0.0,43,1,80.81200770203522,2.0642138606963125,81.8288840586058,1372,0.4172419849783182,82.19937616024727,89.15112223552225,101.8775118589564,0.0,0.3075
easy,0.08,0.05,neutral,0.0,44,1,79.89510357653687,1.0836287227025136,82.20795277694354,1330,0.5647214819910005,82.02061375128456,88.22660566057195,119.88632580495658,0.0025,0.545
easy,0.08,0.05,neutral,0.0,45,1,80.43768351435922,0.5609327828591182,83.1982542972419,1330,0.5898208849830553,82.63997216138276,90.67843501987116,107.49210860737924,0.0,0.515
easy,0.08,0.05,neutral,0.0,46,1,80.17251527484193,1.3790451299222235,81.52764863636173,1342,0.5801941689569503,81.94897814867073,90.58155968873817,109.17625812223756,0.0,0.3675
easy,0.08,0.05,neutral,0.0,47,1,81.51285841097162,1.7477151663817323,83.17287160613942,1297,0.5780323230428621,83.07035819772227,91.03212867976559,113.97063375160202,0.0,0.2875
easy,0.08,0.05,neutral,0.0,48,1,79.82810480475821,1.39316165848436,82.40214003434087,1354,0.4033130459720269,82.67860480010785,92.82937230009662,118.535555614675,0.0,0.545
easy,0.08,0.05,neutral,0.0,49,1,79.52329108338084,4.0,79.94650667134394,1362,0.42531145800603554,79.93750205100952,81.87816133881992,95.20187472843305,0.0,0.095
easy,0.08,0.05,cvar0.1,0.1,0,1,80.60858098102578,0.8852771494745744,83.55613143327295,1315,0.718109738023486,82.14227462912686,89.24523802759775,109.07474005380398,0.0,0.35
easy,0.08,0.05,cvar0.1,0.1,1,1,80.0296294602867,3.2699893554014996,81.76492172388937,1312,0.8265866930014454,80.91544734445449,86.19396327992449,96.49438030562236,0.0,0.2425
easy,0.08,0.05,cvar0.1,0.1,2,1,80.00224124043683,1.092144533972343,82.65118645752013,1285,1.0011310679838061,82.04227732226238,89.07042027451334,113.02186470432231,0.0,0.5025
easy,0.08,0.05,cvar0.1,0.1,3,1,80.44478702336667,2.7499430639563496,81.75796941384691,1313,1.1345649660215713,81.35417232277854,87.28706866078026,108.89295781150622,0.0,0.2025
easy,0.08,0.05,cvar0.1,0.1,4,1,80.40356172128426,3.9701871115553913,82.22102570599411,1298,1.0498779899789952,81.30048317150998,87.76076853694624,99.0412442642528,0.0,0.1475
easy,0.08,0.05,cvar0.1,0.1,5,1,81.27070914920907,1.5701541643436283,83.92779227872907,1346,0.9855919249821454,83.13090502441509,92.6019120236458,109.46238849587446,0.0,0.3425
easy,0.08,0.05,cvar0.1,0.1,6,1,80.18512113220095,0.8274328206846342,83.03863382212965,1296,0.6667020570021123,82.9113940371079,94.1456842320297,114.50891618041456,0.0,0.45
easy,0.08,0.05,cvar0.1,0.1,7,1,80.86572081253328,1.8302705362730904,83.21923577725879,1328,0.8777071309741586,82.93436149332939,91.10732368243065,111.46525879684745,0.0,0.4175
easy,0.08,0.05,cvar0.1,0.1,8,1,81.52248418780611,1.5664697265257788,85.133717860325,1307,0.7265540499938652,83.08678745673126,90.06230272170731,109.59631487576458,0.0,0.39
easy,0.08,0.05,cvar0.1,0.1,9,1,79.91951362726472,4.0,81.32147131053162,1357,0.756508399033919,80.39973388501895,83.78921162552464,99.2567924535986,0.0,0.1425
easy,0.08,0.05,cvar0.1,0.1,10,1,79.65583751540997,3.1237771873809415,81.11661904749351,1326,0.82539564097533,80.31123332724114,84.97384923403365,94.39722146251465,0.0,0.1575
easy,0.08,0.05,cvar0.1,0.1,11,1,79.98182181138543,3.0346202869569128,81.58785034048056,1362,0.7872148419846781,80.87171430969424,85.24575251523649,108.14121589015339,0.0,0.1975
easy,0.08,0.05,cvar0.1,0.1,12,1,82.79048459528042,0.9627808498509733,86.27475540801129,1326,0.6402902629924938,85.6801090371243,98.00415915201145,123.33448588420077,0.0025,0.5275
easy,0.08,0.05,cvar0.1,0.1,13,1,80.42072169411385,0.378774002229356,82.66338462102487,1347,0.75405527302064,81.89361544683746,89.30495760358768,96.71534634028214,0.0,0.335
easy,0.08,0.05,cvar0.1,0.1,14,1,84.29345354391921,3.001587914231097,86.4695380794241,1287,0.624199417012278,85.6350918417436,92.25873061997916,131.778850101053,0.0025,0.275
easy,0.08,0.05,cvar0.1,0.1,15,1,80.14645298778991,0.32457642492403593,82.97085935082309,1361,0.7675531369750388,82.34706210040862,91.87139635196084,106.15114334850398,0.0,0.46
easy,0.08,0.05,cvar0.1,0.1,16,1,80.02119363786058,4.0,81.50139578409014,1331,0.8345708040287718,80.64335914187603,84.63336837747283,105.3441241722856,0.0,0.1475
easy,0.08,0.05,cvar0.1,0.1,17,1,79.89154565774204,1.3049161208895028,83.22350807447017,1325,0.7240272830240428,81.98631917475467,89.8653232437552,107.1244443968107,0.0,0.455
easy,0.08,0.05,cvar0.1,0.1,18,1,80.25964091904846,0.8547509069360828,82.88775429537804,1319,0.7682587410090491,82.1732389054459,90.7171358201151,120.05349486815955,0.0025,0.35
easy,0.08,0.05,cvar0.1,0.1,19,1,80.33624504510344,0.8060705762939948,82.96893498926255,1321,0.9632851320202462,82.13321494879492,89.87992437612414,119.5792842463693,0.0025,0.405
easy,0.08,0.05,cvar0.1,0.1,20,1,80.2529486743122,3.029163953647682,82.2397214104195,1292,0.9473306539584883,81.43538520542326,87.88273249700876,109.36326238892535,0.0,0.245
easy,0.08,0.05,cvar0.1,0.1,21,1,80.23241270347876,1.4822109170372668,82.74299356174798,1319,1.0183134059770964,81.51534345831385,88.29885418667288,107.15286373227929,0.0,0.3175
easy,0.08,0.05,cvar0.1,0.1,22,1,81.27952511549911,2.063804499435946,83.15179308405658,1288,1.05770342098549,82.63689608635843,89.5932142935959,118.64986801279974,0.0,0.2375
easy,0.08,0.05,cvar0.1,0.1,23,1,81.10275145394569,0.22693809330170245,85.80426541412115,1300,1.0293931899941526,85.04974367067135,96.509375258227,108.30731563466874,0.0,0.7525
easy,0.08,0.05,cvar0.1,0.1,24,1,81.246776598277,0.478186051918446,85.22955392153737,1320,0.9606908870046027,84.449010980401,93.43971477751592,112.66184967534154,0.0,0.62
easy,0.08,0.05,cvar0.1,0.1,25,1,80.29358519542077,1.9880114479082058,82.82628690965787,1307,1.005918456998188,82.22304704905986,91.96526134057946,114.0959405581288,0.0,0.3275
easy,0.08,0.05,cvar0.1,0.1,26,1,79.90958022976373,2.862653475557876,81.8289223598052,1304,0.7566612889640965,80.75202834636748,86.02571476198789,103.11846934926028,0.0,0.23
easy,0.08,0.05,cvar0.1,0.1,27,1,80.04847218584412,1.1651859582095079,82.22268105628295,1322,0.7558548139641061,81.34676883452187,88.29927929035955,101.46648353858723,0.0,0.35
easy,0.08,0.05,cvar0.1,0.1,28,1,79.47303502011188,4.0,80.7760648813999,1316,0.7289428649819456,79.96584386488544,82.87380836072664,105.1639431786311,0.0,0.13
easy,0.08,0.05,cvar0.1,0.1,29,1,82.12552370797063,2.338206121293557,84.59890143096129,1335,0.6211994879995473,83.48502143240836,90.6024138326122,110.00094002465761,0.0,0.31
easy,0.08,0.05,cvar0.1,0.1,30,1,80.45117584722308,3.3912983506040186,82.31699053838824,1340,0.6583861079998314,81.41272206757887,86.59980747126619,104.28952558683162,0.0,0.2325
easy,0.08,0.05,cvar0.1,0.1,31,1,81.77320474914158,2.2070154430961413,84.63785265240121,1331,0.6931487969704904,83.41964502533719,89.82335169122291,110.77542291246677,0.0,0.3825
easy,0.08,0.05,cvar0.1,0.1,32,1,79.48429684978821,1.1094209629997196,82.57247741203554,1310,0.7506338959792629,81.87823119978393,91.46006538003907,113.42469906870164,0.0,0.4525
easy,0.08,0.05,cvar0.1,0.1,33,1,80.06707743053961,0.7795497730422829,83.59168406909804,1292,0.7552426070324145,83.06991849559785,95.06825386541072,121.89381747441904,0.0025,0.52
easy,0.08,0.05,cvar0.1,0.1,34,1,80.26612499477521,3.208840196263257,81.67383353663065,1352,1.0097738840267994,80.98689333039191,84.37817719700155,106.00908781097739,0.0,0.1625
easy,0.08,0.05,cvar0.1,0.1,35,1,79.63819839028717,0.9780761512115994,82.41272998203374,1331,1.0099234170047566,81.18252465437912,87.52932393641115,101.68909469913673,0.0,0.4675
easy,0.08,0.05,cvar0.1,0.1,36,1,80.10922778940042,1.5208577931111436,83.26903450115388,1294,1.0087007069960237,82.17214831554448,89.836352765458,108.39175259538706,0.0,0.415
easy,0.08,0.05,cvar0.1,0.1,37,1,80.5612720810431,1.067149318429121,83.48711961132234,1309,1.0640406790189445,83.00378103411829,92.55886268494935,121.8520819312079,0.0025,0.5375
easy,0.08,0.05,cvar0.1,0.1,38,1,80.6313263706567,0.4731784734304023,85.25195543247084,1271,0.6431933610001579,84.08462428251842,94.4696692903713,121.11368083515674,0.0025,0.6475
easy,0.08,0.05,cvar0.1,0.1,39,1,81.05933048659244,0.054322931350240466,86.01769032259789,1263,0.5640503939939663,84.9676332643909,96.8441432552531,116.74593643265065,0.0,0.6625
easy,0.08,0.05,cvar0.1,0.1,40,1,81.47509465625407,1.4997323245292957,84.07380827912888,1334,0.7609376619802788,83.66184797384187,92.88845321046287,107.60865957796938,0.0,0.49
easy,0.08,0.05,cvar0.1,0.1,41,1,80.04377000656189,1.3926054115923305,83.79768740937482,1305,0.7274803700274788,82.42302119739387,92.30652955160197,107.85738126816865,0.0,0.46
easy,0.08,0.05,cvar0.1,0.1,42,1,79.77500628733831,0.4442532421589078,82.48376153296248,1332,0.997032961982768,81.50143616822608,88.12833061470837,119.19181927495825,0.0025,0.3675
easy,0.08,0.05,cvar0.1,0.1,43,1,80.81200770203522,2.0642138606963125,82.73334168651374,1372,0.8687741250032559,82.19937616024727,89.15112223552225,101.8775118589564,0.0,0.3075
easy,0.08,0.05,cvar0.1,0.1,44,1,80.12910149699475,1.568608144330937,83.31457313796466,1330,0.9022085739998147,82.12913784952725,88.55616468577003,120.14618052636736,0.0025,0.53
easy,0.08,0.05,cvar0.1,0.1,45,1,80.43768351435922,0.5609327828591182,84.29810054906277,1330,0.8555506200063974,82.79934164828403,92.24118564202219,103.71702900197621,0.0,0.5175
easy,0.08,0.05,cvar0.1,0.1,46,1,80.17251527484193,1.3790451299222235,82.47423082957044,1342,0.7475382139673457,82.03470934393553,89.92252995359333,108.65264200779652,0.0,0.4
easy,0.08,0.05,cvar0.1,0.1,47,1,81.51285841097162,1.7477151663817323,84.15654739641985,1297,0.7390269569586962,83.07035819772227,91.03212867976559,113.97063375160202,0.0,0.2875
easy,0.08,0.05,cvar0.1,0.1,48,1,79.82059754869223,1.39316165848436,83.37065989940554,1354,0.8249922189861536,82.11003503149536,90.8686018175728,103.39787892139218,0.0,0.5225
easy,0.08,0.05,cvar0.1,0.1,49,1,79.52329108338084,4.0,80.78474180354125,1362,0.7528216799837537,79.95412135422676,82.26412775497776,96.16130279148145,0.0,0.085
easy,0.08,0.05,cvar0.5,0.5,0,1,81.64627092755684,2.495903364947085,87.53808667343358,1315,0.7273346250294708,82.60360753004164,88.36604744457209,99.29207811365909,0.0,0.255
easy,0.08,0.05,cvar0.5,0.5,1,1,80.45788733805907,3.2699893554014996,85.19376171836443,1312,0.8208975389716215,81.27806441404438,86.9887625238615,107.93355725341048,0.0,0.2275
easy,0.08,0.05,cvar0.5,0.5,2,1,80.47070182042211,2.1491273854854893,86.31957646626958,1285,0.6852429330465384,81.93945787978755,89.02714668789567,109.4325207515961,0.0,0.3625
easy,0.08,0.05,cvar0.5,0.5,3,1,80.64687772665802,3.147979202607978,84.71112623592308,1313,0.790937136975117,81.40085379494195,87.02580017886602,96.01146440676912,0.0,0.1875
easy,0.08,0.05,cvar0.5,0.5,4,1,80.42012079291244,3.9701871115553913,85.36524131448263,1298,0.7311131379683502,80.99271229300693,84.01994824896713,97.18875430189637,0.0,0.1575
easy,0.08,0.05,cvar0.5,0.5,5,1,81.42158043497183,1.7434070552308496,87.67906337033155,1346,0.7716028509894386,83.26904491020184,90.13823229265044,128.26919704025383,0.0075,0.38
easy,0.08,0.05,cvar0.5,0.5,6,1,81.35733052087456,2.4469060207144806,86.43328896500518,1296,0.7774801009800285,82.73207224508184,88.56560691529822,128.7860829674143,0.0025,0.3
easy,0.08,0.05,cvar0.5,0.5,7,1,80.99131242217095,1.8302705362730904,86.85527841999682,1328,0.8322988300351426,83.08581394349456,92.17313784099008,112.6915928141141,0.0,0.405
easy,0.08,0.05,cvar0.5,0.5,8,1,82.14929232324536,1.5664697265257788,89.91281141682212,1307,1.043144091963768,83.78423921106841,91.18439245919605,103.86055458123933,0.0,0.34
easy,0.08,0.05,cvar0.5,0.5,9,1,79.88446929795747,4.0,84.0103837936424,1357,1.1591989080188796,80.34158304942348,83.55446228179898,99.36641132459448,0.0,0.1425
easy,0.08,0.05,cvar0.5,0.5,10,1,79.70318089791363,3.2385770697183354,83.97282397849308,1326,1.0792379369959235,80.34629852984428,83.52723890860783,98.55388440819102,0.0,0.175
easy,0.08,0.05,cvar0.5,0.5,11,1,79.98182181138543,3.0346202869569128,84.5990235935967,1362,1.098175291030202,80.87171430969424,85.24575251523649,108.14121589015339,0.0,0.1975
easy,0.08,0.05,cvar0.5,0.5,12,1,82.90055008351729,0.978579484441682,90.67159854012942,1326,0.7606913559720851,85.82916376664949,95.21051767301476,119.89934638772564,0.0025,0.61
easy,0.08,0.05,cvar0.5,0.5,13,1,80.9859667865492,1.5655120884691007,85.90370673692394,1347,0.7918852000148036,81.95612762643006,87.05635998538071,97.05403861408476,0.0,0.27
easy,0.08,0.05,cvar0.5,0.5,14,1,84.68729700508861,3.8600293934444885,89.96289847110555,1287,0.71925372001715,85.7721519124127,91.47376266403708,109.74098120535885,0.0,0.23
easy,0.08,0.05,cvar0.5,0.5,15,1,80.25396867121528,0.32457642492403593,86.95989522409496,1361,0.7996931080124341,82.33897456606955,89.93888042623351,115.66520953663495,0.0,0.44
easy,0.08,0.05,cvar0.5,0.5,16,1,80.00283485809325,4.0,84.56936325192532,1331,0.8083237999817356,80.70236336429986,85.92672800773497,102.4431020517391,0.0,0.1575
easy,0.08,0.05,cvar0.5,0.5,17,1,80.36280349442801,1.6457119281867265,87.68641466311583,1325,0.7540341739659198,82.33583147723084,90.36666589798604,112.94652055576503,0.0,0.41
easy,0.08,0.05,cvar0.5,0.5,18,1,80.24445409395003,0.8547509069360828,86.44165882410582,1319,0.7450353829772212,81.72557555299572,88.4425398295328,98.67554907027679,0.0,0.35
easy,0.08,0.05,cvar0.5,0.5,19,1,80.4978988059822,1.4604804567511191,86.6471915648193,1321,0.7121881660423242,81.83874721299118,87.04763332420379,124.16839157543554,0.0025,0.3775
easy,0.08,0.05,cvar0.5,0.5,20,1,80.48544895787471,3.1404677491127497,85.59375498300675,1292,0.6848211650503799,81.33741448826399,86.43819434180226,108.70238633074649,0.0,0.19
easy,0.08,0.05,cvar0.5,0.5,21,1,80.25439990506325,1.4822109170372668,86.54915425637935,1319,0.6799461530172266,81.94217491054798,89.65657211351382,117.47886242198769,0.0,0.3525
easy,0.08,0.05,cvar0.5,0.5,22,1,81.35946908743212,2.2040007871001492,86.38945232900005,1288,0.6826655409531668,82.49400337991548,88.16373976495802,113.33735944481047,0.0,0.2925
easy,0.08,0.05,cvar0.5,0.5,23,1,83.12143533648629,1.3671280374020194,90.18529309433316,1300,0.7638508779928088,85.03855077384473,93.25251942296094,110.08795182774098,0.0,0.405
easy,0.08,0.05,cvar0.5,0.5,24,1,82.09573568861586,0.478186051918446,89.99163305510683,1320,0.7999053180101328,84.66346823673126,94.1925203923114,113.5031659950933,0.0,0.5875
easy,0.08,0.05,cvar0.5,0.5,25,1,80.39740390410458,1.9880114479082058,86.90425598186572,1307,0.7969879760057665,82.23425910702595,91.33613410484348,105.10466168288937,0.0,0.39
easy,0.08,0.05,cvar0.5,0.5,26,1,80.40169727263563,3.5164670284171984,85.15573677333524,1304,0.7840833819936961,81.20172072298378,85.69144897183286,116.84624365316711,0.0,0.1825
easy,0.08,0.05,cvar0.5,0.5,27,1,80.21340404355288,1.371062540181612,85.44218545800851,1322,0.7795265190070495,81.42354338422192,87.97342607450689,102.53626994559616,0.0,0.3025
easy,0.08,0.05,cvar0.5,0.5,28,1,79.50012342530752,4.0,83.49891974031556,1316,0.7742326110019349,80.07422762325034,82.17000770773684,109.433100835962,0.0,0.13
easy,0.08,0.05,cvar0.5,0.5,29,1,82.16126538768681,2.338206121293557,88.28973972043556,1335,0.8141227239975706,83.59336653110093,91.25614146493609,102.89925017297794,0.0,0.3275
easy,0.08,0.05,cvar0.5,0.5,30,1,80.47294461987461,3.3912983506040186,85.52102408373047,1340,0.7740803440101445,81.45592112151999,86.69892375023518,109.49757516727496,0.0,0.2175
easy,0.08,0.05,cvar0.5,0.5,31,1,81.88255291586007,2.2855822490595217,88.69041309697343,1331,0.784295984019991,83.37442188351321,89.5819616452318,105.61768438507161,0.0,0.3675
easy,0.08,0.05,cvar0.5,0.5,32,1,79.86263178683677,1.1094209629997196,86.77957591414165,1310,0.709847089019604,81.76800540118631,89.37184833940788,104.46443477190692,0.0,0.4375
easy,0.08,0.05,cvar0.5,0.5,33,1,80.31304392138539,1.0320839993298936,88.02640191397823,1292,0.8271315729944035,82.22786811560277,89.54703274901034,99.64016897430048,0.0,0.46
easy,0.08,0.05,cvar0.5,0.5,34,1,80.25236396214885,3.2250190648007906,84.6030256661132,1352,1.0396671390044503,81.01293068858632,85.3184696093612,100.20910796056276,0.0,0.1625
easy,0.08,0.05,cvar0.5,0.5,35,1,79.64980574953442,0.9780761512115994,86.02862367177292,1331,0.9593437709845603,81.43452409737404,87.97695134199003,113.26936716320446,0.0,0.4375
easy,0.08,0.05,cvar0.5,0.5,36,1,80.37005549132698,1.5208577931111436,87.37475812895258,1294,0.6948649599798955,82.02343751458007,89.5454919584196,98.29672484459422,0.0,0.365
easy,0.08,0.05,cvar0.5,0.5,37,1,81.53676427952624,1.8497591590797198,87.2539810716876,1309,0.6965019860072061,83.40382994045075,91.75547884554972,116.46799608397342,0.0,0.3625
easy,0.08,0.05,cvar0.5,0.5,38,1,81.76097472540826,1.3062636683517206,89.84550785853448,1271,0.6936670169816352,83.94886789006114,92.87473568399884,107.33815564832126,0.0,0.51
easy,0.08,0.05,cvar0.5,0.5,39,1,82.84491480318867,0.703437370111855,90.62722007713558,1263,0.6878687869757414,85.16267656084463,92.88495425417304,106.15336066141052,0.0,0.5225
easy,0.08,0.05,cvar0.5,0.5,40,1,81.20611767017081,1.4997323245292957,87.94257578960745,1334,1.079526663001161,83.5872065919244,91.80536745526909,110.59208819048847,0.0,0.545
easy,0.08,0.05,cvar0.5,0.5,41,1,81.04639918022363,1.1037635417699372,87.72440946256353,1305,1.015331069007516,83.08071137685707,90.84951682461325,110.48931310730096,0.0,0.415
easy,0.08,0.05,cvar0.5,0.5,42,1,79.70536040372295,1.0802651962037246,85.76493353080885,1332,1.0510965330176987,81.2527314617056,88.3102543767933,101.34257591162995,0.0,0.3825
easy,0.08,0.05,cvar0.5,0.5,43,1,80.87524796388823,2.0642138606963125,85.78583689726817,1372,1.127219011017587,81.77014988083552,86.69938996485159,101.3916565800833,0.0,0.23
easy,0.08,0.05,cvar0.5,0.5,44,1,82.16042941528198,3.635603090570804,86.97576242293874,1330,0.7573839660035446,83.05377373780453,87.90206750482582,108.29067107302302,0.0,0.2075
easy,0.08,0.05,cvar0.5,0.5,45,1,81.68519484205203,2.601002108955184,88.58237841503137,1330,0.857524742023088,83.17924456148147,89.41218368636035,119.92197688694208,0.0025,0.365
easy,0.08,0.05,cvar0.5,0.5,46,1,80.68129235577621,2.9080380484302717,85.6764207788396,1342,0.7660062920185737,81.88456525682837,87.84148020081469,106.49966783858497,0.0,0.315
easy,0.08,0.05,cvar0.5,0.5,47,1,81.5337415075789,1.7477151663817323,88.04557118980738,1297,0.7548505270387977,83.02563807503405,90.59616922230191,119.64242495617974,0.0025,0.28
easy,0.08,0.05,cvar0.5,0.5,48,1,80.18518601319272,1.429885384479204,87.74953236416899,1354,1.1318718160036951,82.82911370915164,91.9849029044331,117.58639592245962,0.0,0.575
easy,0.08,0.05,cvar0.5,0.5,49,1,79.52329108338084,4.0,83.56404330520071,1362,1.0728455430362374,79.95412135422676,82.26412775497776,96.16130279148145,0.0,0.085
easy,0.08,0.05,cvar0.9,0.9,0,1,82.1077730149238,3.0955606915667477,99.94612729519477,1315,1.0193654850008897,83.0039444555657,88.11605470200605,99.58449401077866,0.0,0.2725
easy,0.08,0.05,cvar0.9,0.9,1,1,81.48490964902447,4.0,93.38482310310702,1312,0.9395038490183651,82.0848016481059,85.6160565382423,109.04408969425042,0.0,0.16
easy,0.08,0.05,cvar0.9,0.9,2,1,81.80645194091075,2.800671639746307,98.42762219831444,1285,0.711406248039566,83.24868505428141,90.89418230715954,111.77612289092481,0.0,0.3175
easy,0.08,0.05,cvar0.9,0.9,3,1,81.11092672505936,3.744084195589771,91.89365046780098,1313,0.6338364639668725,81.82869511663944,86.68380759198712,98.55425552083437,0.0,0.1775
easy,0.08,0.05,cvar0.9,0.9,4,1,81.76946294890705,4.0,94.07334222028116,1298,0.7086216640309431,82.35496844997711,86.25756661431201,97.31781018703838,0.0,0.1425
easy,0.08,0.05,cvar0.9,0.9,5,1,82.66881729927245,1.6367748928975363,98.32692544072263,1346,0.7484695140155964,83.76071887889856,89.32086420230505,100.89969910502283,0.0,0.34
easy,0.08,0.05,cvar0.9,0.9,6,1,83.26912435102902,4.0,94.90112068077244,1296,0.6641914109932259,84.0066133125771,87.19174689144454,106.39812200508479,0.0,0.2275
easy,0.08,0.05,cvar0.9,0.9,7,1,82.87357718501441,3.3134372120896662,98.05333418556363,1328,0.7364332540309988,84.18561466102632,89.93580344155825,107.34804749277704,0.0,0.3025
easy,0.08,0.05,cvar0.9,0.9,8,1,86.79673376203101,3.239163151103833,106.69405065835188,1307,0.7529291039681993,87.71088904645268,92.96796000455652,104.62885189679596,0.0,0.2175
easy,0.08,0.05,cvar0.9,0.9,9,1,79.91182910340154,4.0,90.96286889678964,1357,0.6126001630327664,80.51857473169966,83.9885852229661,103.58435412557272,0.0,0.1625
easy,0.08,0.05,cvar0.9,0.9,10,1,80.05797745734327,3.661602944757596,90.78505841097275,1326,1.015353151015006,80.5158825874897,83.51156708908476,90.222624486468,0.0,0.1425
easy,0.08,0.05,cvar0.9,0.9,11,1,80.45780832973982,3.152535982727044,93.20996568678348,1362,0.9583229220006615,81.26481368249121,84.9809835662604,100.33165793894402,0.0,0.235
easy,0.08,0.05,cvar0.9,0.9,12,1,85.8584609689985,0.978579484441682,107.61632112549266,1326,0.9806589719955809,87.8061835370628,95.49146242079965,106.50383522999343,0.0,0.4725
easy,0.08,0.05,cvar0.9,0.9,13,1,81.46798762449185,2.0077463070560997,94.93818243508665,1347,0.9889530789805576,82.21061854152937,86.69700224488703,96.77717654361567,0.0,0.22
easy,0.08,0.05,cvar0.9,0.9,14,1,86.77965229450396,4.0,99.956525689732,1287,0.7565924689988606,87.63135774451003,92.94342966941568,113.24974220658113,0.0,0.185
easy,0.08,0.05,cvar0.9,0.9,15,1,83.74660302710551,3.3748538945870026,98.67214363337243,1361,0.7963172069867142,84.75726383046236,90.00379560782152,101.55290800561983,0.0,0.26
easy,0.08,0.05,cvar0.9,0.9,16,1,81.04399558629909,4.0,92.75715335051343,1331,0.6910667620250024,81.40314051351567,84.26596418739183,96.93008956229366,0.0,0.1125
easy,0.08,0.05,cvar0.9,0.9,17,1,82.03306068447503,1.9002420663661543,104.0308825238556,1325,0.7140961220138706,83.56708790102589,90.69583152022501,116.53680809316137,0.0,0.385
easy,0.08,0.05,cvar0.9,0.9,18,1,82.76987429750378,4.0,95.91460826491172,1319,0.9038729599560611,83.61583538366989,89.4167539367038,104.82657647776517,0.0,0.21
easy,0.08,0.05,cvar0.9,0.9,19,1,82.20736011363789,2.286899704530776,99.6993231418845,1321,1.0344292279914953,83.24491311652432,89.13372177457578,110.40754759803225,0.0,0.3325
easy,0.08,0.05,cvar0.9,0.9,20,1,80.9670587991054,3.1404677491127497,95.71564791961306,1292,0.8275717839715071,82.13842279218512,88.41804143631404,108.12518343560608,0.0,0.2375
easy,0.08,0.05,cvar0.9,0.9,21,1,81.72378534721743,3.5448253064390123,97.45002970613287,1319,0.9752333660144359,82.62959281985277,87.4159236860733,121.49542136628993,0.0025,0.215
easy,0.08,0.05,cvar0.9,0.9,22,1,82.76426968543835,2.5545680248327196,95.10364740787044,1288,0.7375601830426604,83.38010878012605,87.14587745865715,96.36041774296409,0.0,0.1625
easy,0.08,0.05,cvar0.9,0.9,23,1,89.9749328151836,3.8379056453712765,104.3842540046784,1300,0.7110676080337726,90.70653538454775,95.36355546492543,111.81488275407293,0.0,0.18
easy,0.08,0.05,cvar0.9,0.9,24,1,85.63663652574193,3.228059605465414,101.37985015640206,1320,0.7329756880062632,86.49019722971228,90.6543136983727,108.11644296698431,0.0,0.26
easy,0.08,0.05,cvar0.9,0.9,25,1,85.5711128027048,4.0,98.92828223757778,1307,0.7233451239881106,86.13529721769311,90.50017172477831,102.23330014890685,0.0,0.225
easy,0.08,0.05,cvar0.9,0.9,26,1,81.28301401223091,4.0,93.59159918561798,1304,0.6075703660026193,81.8495412377816,85.40806992784701,117.11519429240987,0.0,0.155
easy,0.08,0.05,cvar0.9,0.9,27,1,81.3788795314535,4.0,93.53021069871735,1322,0.6412818569806404,82.22102800649684,87.45626987403395,102.91299472491879,0.0,0.2375
easy,0.08,0.05,cvar0.9,0.9,28,1,79.71307171612516,4.0,89.0624354893088,1316,0.7102173599996604,80.09256830080814,82.3917341871147,91.2928974090749,0.0,0.1225
easy,0.08,0.05,cvar0.9,0.9,29,1,85.28207212761185,3.367682400010464,99.77162599516262,1335,0.6975673389970325,86.09213987792216,90.94885927715345,115.44899857483993,0.0,0.19
easy,0.08,0.05,cvar0.9,0.9,30,1,81.55414829836414,4.0,95.1088410830393,1340,0.7187726309639402,82.45705359552557,86.61183311711514,114.18291713144251,0.0,0.1875
easy,0.08,0.05,cvar0.9,0.9,31,1,85.34456058129837,4.0,99.06924920762943,1331,0.694314671040047,86.08756136989125,89.89170032764494,109.00276114919984,0.0,0.18
easy,0.08,0.05,cvar0.9,0.9,32,1,83.35331678561856,2.813246072179026,99.77167306157051,1310,0.6982542670448311,84.34304500843399,90.27610181510295,105.30721941883914,0.0,0.315
easy,0.08,0.05,cvar0.9,0.9,33,1,82.00387126903208,1.527638046040388,107.12456930245504,1292,0.6266459329635836,83.44872751293477,89.48459397840062,102.88395493660262,0.0,0.35
easy,0.08,0.05,cvar0.9,0.9,34,1,80.79601244794578,3.870838409544666,92.16778831037162,1352,1.064758567023091,81.14369172388547,83.20494759352754,109.70086039803218,0.0,0.1
easy,0.08,0.05,cvar0.9,0.9,35,1,86.44377154017427,4.0,97.44666066951467,1331,1.0293097510002553,87.07198239192232,90.38491922421066,112.63173307101643,0.0,0.2225
easy,0.08,0.05,cvar0.9,0.9,36,1,85.45883120398099,3.166285860133047,103.02395240140581,1294,0.9936604260001332,86.5157185144528,92.20492229494782,110.72364213663782,0.0,0.2825
easy,0.08,0.05,cvar0.9,0.9,37,1,83.36986351630819,2.102537578326497,100.00738709114496,1309,1.046709461021237,84.97741626461567,93.88608990350586,105.68654817541483,0.0,0.415
easy,0.08,0.05,cvar0.9,0.9,38,1,87.92403271760293,4.0,103.24355258314264,1271,0.681477645994164,88.45618414523975,92.58099679511146,108.22736726311004,0.0,0.17
easy,0.08,0.05,cvar0.9,0.9,39,1,84.31551851217873,2.182554125110082,106.23714118008765,1263,0.6887645890237764,86.11821533825217,92.75593547392053,113.06762261151496,0.0,0.3875
easy,0.08,0.05,cvar0.9,0.9,40,1,85.94845170613746,4.0,99.84215693204598,1334,0.6670050699613057,87.00732020378196,93.20014716101515,114.67860677746613,0.0,0.24
easy,0.08,0.05,cvar0.9,0.9,41,1,84.09090592484561,3.9469385696879593,99.11983622021872,1305,0.6900053849676624,84.98440368317551,90.63728081451899,108.29142193059738,0.0,0.22
easy,0.08,0.05,cvar0.9,0.9,42,1,81.69778791644973,1.8297532392998113,99.40938943503463,1332,0.6580735169700347,82.84138863654141,89.82557770282683,100.56073580243935,0.0,0.25
easy,0.08,0.05,cvar0.9,0.9,43,1,82.00260865749947,4.0,93.71810598883036,1372,0.7380103550385684,82.56381403910076,86.37864199252401,108.23552977853454,0.0,0.155
easy,0.08,0.05,cvar0.9,0.9,44,1,83.35042480169437,4.0,95.79988792544877,1330,0.7467293450026773,84.0431829991735,87.8893420732759,109.4106662552725,0.0,0.1575
easy,0.08,0.05,cvar0.9,0.9,45,1,82.90771801207939,2.9476998655803044,103.49950146465041,1330,0.7765442410018295,83.91658122162607,89.71496018176687,100.6269517701603,0.0,0.2875
easy,0.08,0.05,cvar0.9,0.9,46,1,81.32565320328091,3.3853664258258407,95.56267921827859,1342,0.8034772009705193,82.49973195245288,89.04973427580086,111.17385654720636,0.0,0.23
easy,0.08,0.05,cvar0.9,0.9,47,1,82.87711908665712,3.0850877231471614,102.13205797639088,1297,0.7512416750541888,83.98235048669642,89.82062447564131,115.08651108882304,0.0,0.2775
easy,0.08,0.05,cvar0.9,0.9,48,1,86.60398123938549,3.203685834193472,100.78484945204305,1354,0.7102350640343502,87.77615766800994,93.51032366123388,107.54956205617184,0.0,0.2875
easy,0.08,0.05,cvar0.9,0.9,49,1,80.09708986214729,4.0,90.22417864884069,1362,0.8060421589761972,80.36918871303335,82.25524991752908,100.92746691849923,0.0,0.07
easy,0.08,0.1,rrtstar,,0,1,80.46602946837616,0.6082653543687431,80.46602946837614,1315,0.23565386497648433,84.64889055368167,101.82257889601631,157.00191012123784,0.0125,0.38
easy,0.08,0.1,rrtstar,,1,1,79.6371249824405,0.6511637806797594,79.6371249824405,1312,0.24993310595164075,84.46104876475108,105.8361689275524,137.35746348464133,0.015,0.4725
easy,0.08,0.1,rrtstar,,2,1,79.52337363339116,0.046110385952773614,79.52337363339113,1285,0.22518919501453638,86.73481919999567,110.37406337141303,155.63461867876347,0.025,0.5775
easy,0.08,0.1,rrtstar,,3,1,79.85990333195221,0.34593360621493785,79.85990333195222,1313,0.2525241029798053,84.37318902326395,105.01572187385894,158.73135184249148,0.01,0.4325
easy,0.08,0.1,rrtstar,,4,1,79.78423601094907,1.2328088337483698,79.78423601094909,1298,0.1607705699861981,82.63604712523342,97.2416850603148,135.72320291715172,0.0075,0.235
easy,0.08,0.1,rrtstar,,5,1,80.84930293032154,0.04084586820136238,80.84930293032153,1346,0.1662058939691633,87.5470360077446,112.15405196038193,144.15898351800595,0.035,0.5225
easy,0.08,0.1,rrtstar,,6,1,79.9780141617123,0.8129749871975107,79.9780141617123,1296,0.17219935299362987,85.42930508172758,103.16991487165738,169.02241064009743,0.025,0.495
easy,0.08,0.1,rrtstar,,7,1,79.94578696218534,0.11376718660287533,79.94578696218537,1328,0.15810302703175694,89.63924298918911,117.50903745786601,172.08421645844626,0.0475,0.675
easy,0.08,0.1,rrtstar,,8,1,80.30774815859124,0.02981228939398539,80.30774815859121,1307,0.15922729298472404,89.5990416681163,119.96378282480292,175.48144509318308,0.0525,0.685
easy,0.08,0.1,rrtstar,,9,1,79.81970302485954,2.671981329333182,79.81970302485955,1357,0.16405567998299375,82.2519022617074,98.42295920378336,148.9432881953536,0.0075,0.18
easy,0.08,0.1,rrtstar,,10,1,79.66541752079557,3.0568588955980234,79.66541752079554,1326,0.16409889102214947,80.82730250962761,87.49421135749236,106.80849459666017,0.0,0.17
easy,0.08,0.1,rrtstar,,11,1,79.55240370675511,1.2356164450569989,79.55240370675511,1362,0.15802688396070153,82.75515142250792,98.26585795429872,148.21898432429657,0.0125,0.305
easy,0.08,0.1,rrtstar,,12,1,82.10069746021134,0.23970655600324386,82.10069746021135,1326,0.15780078701209277,92.8038820943225,121.590004317039,181.27918790431943,0.0675,0.7125
easy,0.08,0.1,rrtstar,,13,1,80.38809807512283,0.378774002229356,80.38809807512281,1347,0.156376414000988,84.60281310432464,104.22451161035106,149.02936874372955,0.0125,0.325
easy,0.08,0.1,rrtstar,,14,1,81.75469863739534,0.028753703203512337,81.75469863739534,1287,0.15317600400885567,91.5802929828507,114.44020438362463,161.41437232018055,0.04,0.7375
easy,0.08,0.1,rrtstar,,15,1,80.10636120974122,0.32457642492403593,80.10636120974122,1361,0.1590537250158377,85.39737530453567,106.20418221142793,136.50276009520528,0.02,0.4775
easy,0.08,0.1,rrtstar,,16,1,79.52717535743658,0.19707779595302233,79.52717535743658,1331,0.16537194699048996,83.97316538668736,103.1185052538978,142.42651120693853,0.0075,0.4
easy,0.08,0.1,rrtstar,,17,1,79.65803197668426,0.950610403892409,79.65803197668426,1325,0.15899600501870736,84.07653437767439,103.48928480265788,143.79885334441994,0.015,0.415
easy,0.08,0.1,rrtstar,,18,1,80.13806460759047,0.31309770085942956,80.1380646075905,1319,0.1584234840120189,85.62020715822298,106.50971369229586,149.34673090300322,0.015,0.4125
easy,0.08,0.1,rrtstar,,19,1,80.14466104149251,0.3461168973041042,80.1446610414925,1321,0.16289986501215026,83.9744526425473,100.35844838444383,130.50254728684808,0.01,0.4125
easy,0.08,0.1,rrtstar,,20,1,80.12442771209318,0.7905866311837677,80.12442771209318,1292,0.16025668900692835,83.92578871643153,99.45498444901756,174.5521284920028,0.005,0.3325
easy,0.08,0.1,rrtstar,,21,1,79.92037338716233,0.8719031266776822,79.92037338716233,1319,0.1632545660249889,83.71003562996947,102.11149926941486,119.05476998170002,0.0025,0.34
easy,0.08,0.1,rrtstar,,22,1,80.92371530879467,0.03766025912394655,80.9237153087947,1288,0.1569487659726292,84.9251905042164,101.92063060364478,186.26118738733913,0.0075,0.405
easy,0.08,0.1,rrtstar,,23,1,80.6634668768206,0.22693809330170245,80.66346687682065,1300,0.16367031203117222,89.35240388009969,112.71005945624597,152.87894293913527,0.03,0.665
easy,0.08,0.1,rrtstar,,24,1,81.13586233277135,0.39511103023014327,81.13586233277131,1320,0.16262238001218066,88.19160477428774,116.67460669479796,159.35018554716925,0.0425,0.495
easy,0.08,0.1,rrtstar,,25,1,79.92220304335025,1.0938166962790081,79.92220304335027,1307,0.16201830899808556,83.51685218885305,99.56436371549937,138.7705156790048,0.01,0.3825
easy,0.08,0.1,rrtstar,,26,1,79.63704559974983,1.623281522140367,79.63704559974983,1304,0.15622891602106392,83.05904714159213,101.39217240914769,152.46359990515154,0.01,0.3175
easy,0.08,0.1,rrtstar,,27,1,79.49940425087644,0.3441559027317376,79.49940425087644,1322,0.19638852501520887,85.25941985171194,106.70804643887989,166.0952167010098,0.0225,0.465
easy,0.08,0.1,rrtstar,,28,1,79.47303502011188,4.0,79.4730350201119,1316,0.23399387794779614,80.45865270965902,86.2745817013414,130.8548513371503,0.005,0.13
easy,0.08,0.1,rrtstar,,29,1,81.24967212233987,0.058311114969847644,81.24967212233987,1335,0.2512359589454718,91.70579401829913,118.53546624432279,193.05418754372178,0.05,0.665
easy,0.08,0.1,rrtstar,,30,1,79.64117031817932,0.8267878171702843,79.64117031817932,1340,0.1907922169775702,87.26766023934061,109.0122299060937,184.19848280461218,0.0325,0.52
easy,0.08,0.1,rrtstar,,31,1,80.25507739428731,0.16779213169625962,80.25507739428728,1331,0.15723078895825893,87.13314916198905,112.99368665670845,138.96920956507506,0.015,0.5825
easy,0.08,0.1,rrtstar,,32,1,79.42036055406317,1.0708965217316955,79.42036055406317,1310,0.1567475459887646,84.00239650201624,102.81711459139107,137.94481097564173,0.0125,0.39
easy,0.08,0.1,rrtstar,,33,1,79.7743777314912,0.03542763431232743,79.7743777314912,1292,0.15664046304300427,86.67444832073055,109.53802969841212,140.5148524477164,0.025,0.55
easy,0.08,0.1,rrtstar,,34,1,80.19112026629384,1.8865415829612187,80.19112026629385,1352,0.1567429979913868,82.30811219307128,93.5357917070404,134.06308018536998,0.0075,0.215
easy,0.08,0.1,rrtstar,,35,1,79.30161380175653,0.4857592421496726,79.30161380175653,1331,0.1538430959917605,84.69990721812391,106.24102572311844,138.465750894872,0.02,0.445
easy,0.08,0.1,rrtstar,,36,1,79.61027885387132,0.1261054773039172,79.61027885387134,1294,0.14573044097051024,85.53347112640178,106.76323230253755,134.76282261833825,0.025,0.4975
easy,0.08,0.1,rrtstar,,37,1,80.17673562141901,0.35130952492751044,80.17673562141901,1309,0.1679643879760988,86.98095412612784,107.79574666731742,154.24796549336773,0.02,0.5775
easy,0.08,0.1,rrtstar,,38,1,80.26285004872352,0.07969943550734104,80.26285004872354,1271,0.1615640299860388,90.1306397378668,115.72308468440558,169.3653076947464,0.0375,0.6725
easy,0.08,0.1,rrtstar,,39,1,80.03859745447912,0.004960295158952466,80.03859745447912,1263,0.157466915959958,90.63560550405055,117.2234990947963,183.09046326612736,0.0375,0.7325
easy,0.08,0.1,rrtstar,,40,1,80.81668525795631,0.22120572923939674,80.81668525795628,1334,0.16175527102313936,89.77693460095418,118.02705448480627,166.47141023355172,0.05,0.5875
easy,0.08,0.1,rrtstar,,41,1,79.54877793958235,0.10760286833400556,79.54877793958238,1305,0.16230416897451505,87.01941402112567,114.67845858720021,155.36494227479903,0.045,0.595
easy,0.08,0.1,rrtstar,,42,1,79.82099900595337,0.4442532421589078,79.82099900595337,1332,0.15572288900148124,83.05609851251742,96.91545350930795,157.3155075951414,0.01,0.35
easy,0.08,0.1,rrtstar,,43,1,80.35303383347647,0.526292579315486,80.35303383347649,1372,0.1851129429996945,86.29796524695374,106.469659487775,141.2688420735305,0.0175,0.515
easy,0.08,0.1,rrtstar,,44,1,79.49684688724307,0.973271491173161,79.49684688724302,1330,0.2817250090301968,85.92470435988952,108.30233178983194,153.42454093713474,0.03,0.4925
easy,0.08,0.1,rrtstar,,45,1,79.76682021752613,0.38533813889614743,79.76682021752609,1330,0.27647571702254936,87.4021289287273,109.62471549672351,138.61994462657768,0.02,0.635
easy,0.08,0.1,rrtstar,,46,1,79.74377634884918,0.07117541441157771,79.7437763488492,1342,0.2762871109880507,86.03993391232576,107.7420227232441,141.071141768026,0.02,0.5875
easy,0.08,0.1,rrtstar,,47,1,81.36542946250498,1.9424431007251677,81.365429462505,1297,0.2769368090084754,84.64512722681602,99.4094753285686,169.15515043803623,0.005,0.3525
easy,0.08,0.1,rrtstar,,48,1,79.68685806641254,1.2017211913427868,79.68685806641255,1354,0.22876020503463224,86.35722559222718,108.56065054241887,142.99841044103601,0.025,0.5325
easy,0.08,0.1,rrtstar,,49,1,79.45738158480347,4.0,79.45738158480347,1362,0.2508251320105046,80.6254393800972,88.28112705457843,114.10922003939564,0.0,0.1125
easy,0.08,0.1,neutral,0.0,0,1,81.64627092755684,2.495903364947085,84.36923140192188,1315,0.4625639229780063,83.56094413252646,95.08582396158735,116.93788529976133,0.0,0.255
easy,0.08,0.1,neutral,0.0,1,1,80.45788733805907,3.2699893554014996,82.06837461602191,1312,0.5171592400292866,82.0982414900297,93.51963770966393,135.4092271687619,0.0025,0.2275
easy,0.08,0.1,neutral,0.0,2,1,80.73878338311309,2.800671639746307,83.14956976496414,1285,0.5239652540185489,83.94178293232063,96.68990060315627,163.64611468056302,0.0075,0.33
easy,0.08,0.1,neutral,0.0,3,1,80.68215585163166,3.147979202607978,81.30914970938683,1313,0.5515422010212205,82.60173376581675,93.56958662230066,144.97887044453063,0.01,0.1875
easy,0.08,0.1,neutral,0.0,4,1,80.42169346005255,3.9701871115553913,82.24616341223884,1298,0.5535485229920596,81.94198508585967,88.6831787985831,126.30520561561197,0.005,0.1725
easy,0.08,0.1,neutral,0.0,5,1,81.42158043497183,1.7434070552308496,84.60466206104519,1346,0.6161078229779378,85.11650938543185,98.85488415032901,175.11681364553584,0.015,0.38
easy,0.08,0.1,neutral,0.0,6,1,81.44364519040975,2.9059157986417206,83.04889721193416,1296,0.48864849796518683,84.00909179285377,95.91934656239125,161.95485493416996,0.0125,0.2825
easy,0.08,0.1,neutral,0.0,7,1,80.99131242217095,1.8302705362730904,83.68768522423125,1328,0.5202612929861061,85.18031546481816,103.35496325980918,144.39187320605726,0.0125,0.405
easy,0.08,0.1,neutral,0.0,8,1,82.14929232324536,1.5664697265257788,86.6509073025051,1307,0.5249427220551297,85.41918609889147,100.21949259514672,125.57181683923334,0.0075,0.34
easy,0.08,0.1,neutral,0.0,9,1,79.88446929795747,4.0,81.04873558229025,1357,0.6204928219667636,80.79869680088949,87.22445526564049,118.84835335123148,0.0025,0.1425
easy,0.08,0.1,neutral,0.0,10,1,79.70318089791363,3.2385770697183354,80.85410792511752,1326,0.34205070801544935,80.98941616177491,87.35129691930203,117.4045879184684,0.0,0.175
easy,0.08,0.1,neutral,0.0,11,1,79.98182181138543,3.0346202869569128,81.46777765976069,1362,0.3507847970467992,81.76160680800302,90.50968321908752,136.30060996892135,0.005,0.1975
easy,0.08,0.1,neutral,0.0,12,1,82.90055008351729,0.978579484441682,87.4951654787854,1326,0.31952852598624304,88.75777744978168,107.52048526251225,156.898142691934,0.0125,0.61
easy,0.08,0.1,neutral,0.0,13,1,80.9859667865492,1.5655120884691007,82.70999627159601,1347,0.3623824189999141,82.92628846631095,93.12675318421223,113.12211044162026,0.0,0.27
easy,0.08,0.1,neutral,0.0,14,1,84.68729700508861,3.8600293934444885,86.62880994665633,1287,0.33425817801617086,86.85700681973681,98.26022832298557,134.7946654056291,0.0075,0.23
easy,0.08,0.1,neutral,0.0,15,1,80.25396867121528,0.32457642492403593,83.83777299757665,1361,0.4016048380290158,84.42398046092384,99.62379218125172,151.07645040205458,0.0075,0.44
easy,0.08,0.1,neutral,0.0,16,1,80.00851256772101,4.0,81.14560771206564,1331,0.3868489959859289,81.17791085800042,88.42695401340067,112.75531671071967,0.0,0.1675
easy,0.08,0.1,neutral,0.0,17,1,80.22693988648753,1.6457119281867265,84.24329138697951,1325,0.343070414965041,84.15450585146145,100.23494190705765,144.36966600903682,0.015,0.4075
easy,0.08,0.1,neutral,0.0,18,1,80.24445409395003,0.8547509069360828,83.39545135192019,1319,0.5240373609703965,83.20669701204142,96.64062556511563,117.10664404660358,0.0,0.35
easy,0.08,0.1,neutral,0.0,19,1,80.4978988059822,1.4604804567511191,83.48379507641532,1321,0.5284792360034771,83.17959562000013,93.59736784242533,167.83888434488887,0.0025,0.3775
easy,0.08,0.1,neutral,0.0,20,1,80.48544895787471,3.1404677491127497,82.4503458905125,1292,0.4649052789900452,82.18938001865327,92.39093972572978,136.9193237036183,0.0025,0.19
easy,0.08,0.1,neutral,0.0,21,1,80.31196497538266,1.4822109170372668,83.28539416368127,1319,0.5808203420019709,83.61007418381581,98.94084161645948,154.79771188827945,0.005,0.3475
easy,0.08,0.1,neutral,0.0,22,1,81.48649872644346,2.2040007871001492,83.18736141931457,1288,0.33305317000485957,83.58869643914979,93.32710083334398,129.89573680074238,0.0075,0.2425
easy,0.08,0.1,neutral,0.0,23,1,83.12397011875566,1.3671280374020194,87.0740556404505,1300,0.33926446101395413,87.9938604746062,107.41532012925629,136.2259830790128,0.01,0.395
easy,0.08,0.1,neutral,0.0,24,1,82.09573568861586,0.478186051918446,86.720129997071,1320,0.3385116579593159,87.23120078484666,106.28930509600693,144.91059630157076,0.0125,0.5875
easy,0.08,0.1,neutral,0.0,25,1,81.17920316315194,1.9880114479082058,83.62758950767753,1307,0.3444544609519653,83.88194633584072,97.80133253934811,130.244873612292,0.005,0.29
easy,0.08,0.1,neutral,0.0,26,1,80.40169727263563,3.5164670284171984,82.03892336203558,1304,0.3219648009981029,82.00174417333191,90.98120067103005,153.29079003369858,0.005,0.1825
easy,0.08,0.1,neutral,0.0,27,1,81.05192965432477,4.0,82.24714304800165,1322,0.3394085229956545,82.62034647892175,92.26795853135654,124.16616195673123,0.0025,0.24
easy,0.08,0.1,neutral,0.0,28,1,79.50012342530752,4.0,80.41296073388274,1316,0.3409483039868064,80.64833182119315,84.83989199016614,139.36607824661647,0.01,0.13
easy,0.08,0.1,neutral,0.0,29,1,82.16126538768681,2.338206121293557,85.19333556800288,1335,0.3526546519715339,85.02546767451504,100.35101754218532,123.63723495826908,0.0025,0.3275
easy,0.08,0.1,neutral,0.0,30,1,80.47294461987461,3.3912983506040186,82.34444007631393,1340,0.33988740894710645,82.43889762316539,92.92490288059572,138.5222057146753,0.005,0.2175
easy,0.08,0.1,neutral,0.0,31,1,81.88255291586007,2.2855822490595217,85.45591642408922,1331,0.3136676169815473,84.86629085116633,97.28137037460351,129.35281585428314,0.0025,0.3675
easy,0.08,0.1,neutral,0.0,32,1,79.86263178683677,1.1094209629997196,83.63961138209869,1310,0.3323605920304544,83.67337901553584,98.88106489197898,129.06623775697707,0.0025,0.4375
easy,0.08,0.1,neutral,0.0,33,1,80.33296036697976,1.0320839993298936,84.87249735331757,1292,0.3068532579927705,84.51000549176945,102.7188240496038,118.73428933574914,0.0,0.465
easy,0.08,0.1,neutral,0.0,34,1,80.25236396214885,3.2250190648007906,81.27543577826657,1352,0.3673361830296926,81.7734974150238,90.38457525657353,120.16585195897667,0.005,0.1625
easy,0.08,0.1,neutral,0.0,35,1,79.64980574953442,0.9780761512115994,82.92161965177112,1331,0.3493092079879716,83.21924244521365,96.30409693444564,146.8889285768745,0.01,0.4375
easy,0.08,0.1,neutral,0.0,36,1,80.37005549132698,1.5208577931111436,84.20576234530522,1294,0.3250636389711872,83.67681953783321,98.72092842551224,116.22339419786152,0.0,0.365
easy,0.08,0.1,neutral,0.0,37,1,81.53676427952624,1.8497591590797198,83.98999893403054,1309,0.34017697599483654,85.27089560137523,101.97419341157318,151.39922788842057,0.0175,0.3625
easy,0.08,0.1,neutral,0.0,38,1,81.76097472540826,1.3062636683517206,86.71999982929937,1271,0.29952671797946095,86.13676105471404,103.98849664258941,132.91533657123426,0.0175,0.51
easy,0.08,0.1,neutral,0.0,39,1,82.76080058162194,0.703437370111855,87.21945265199147,1263,0.3230342830065638,87.52835021855849,104.9725638696777,150.07249236998314,0.0175,0.5225
easy,0.08,0.1,neutral,0.0,40,1,81.35979920908053,1.4997323245292957,84.69163174499282,1334,0.3353435799945146,85.88368169101861,104.58463006237626,126.12173441823715,0.015,0.545
easy,0.08,0.1,neutral,0.0,41,1,81.04639918022363,1.1037635417699372,84.45051121809264,1305,0.36746969498926774,85.11502357349053,100.65263446900286,139.93222703437826,0.0125,0.415
easy,0.08,0.1,neutral,0.0,42,1,79.70536040372295,1.0802651962037246,82.7591468662152,1332,0.3328687120229006,83.03925215873245,96.20866176481059,149.44567741653793,0.005,0.3725
easy,0.08,0.1,neutral,0.0,43,1,81.39953968260677,2.718088074760104,82.81220294915546,1372,0.35007475496968254,82.84254430622826,91.98167727373789,121.72581823876241,0.0025,0.1775
easy,0.08,0.1,neutral,0.0,44,1,82.26797233043811,4.0,83.57629913172828,1330,0.34611400798894465,83.85160895923677,92.9679949959968,130.30997221383524,0.0025,0.2025
easy,0.08,0.1,neutral,0.0,45,1,81.68519484205203,2.601002108955184,85.38285770248395,1330,0.4036424090154469,84.67329428091088,97.13917253066867,158.15875893183212,0.0075,0.365
easy,0.08,0.1,neutral,0.0,46,1,80.68396806981865,2.9080380484302717,82.49467003500112,1342,0.3459351509809494,83.0848848325636,94.9421858201808,132.37375951053215,0.005,0.315
easy,0.08,0.1,neutral,0.0,47,1,81.5337415075789,1.7477151663817323,84.8164112835784,1297,0.3345688950503245,84.5175346424892,99.65859693702495,157.75110840478055,0.0125,0.28
easy,0.08,0.1,neutral,0.0,48,1,80.18518601319272,1.429885384479204,84.59793276267808,1354,0.43996112898457795,85.47304140511055,103.78461979567345,154.9876058317265,0.01,0.575
easy,0.08,0.1,neutral,0.0,49,1,79.52329108338084,4.0,80.36972225930703,1362,0.36865973396925256,80.38495162507266,85.00496442657467,112.79931449958204,0.0,0.085
easy,0.08,0.1,cvar0.1,0.1,0,1,81.96703540495918,3.0955606915667477,86.17498019323561,1315,0.938219511997886,83.57981432194167,92.62672278129503,112.64875016690056,0.0,0.255
easy,0.08,0.1,cvar0.1,0.1,1,1,80.45788733805907,3.2699893554014996,83.76742788816594,1312,1.0619744340074249,82.0982414900297,93.51963770966393,135.4092271687619,0.0025,0.2275
easy,0.08,0.1,cvar0.1,0.1,2,1,80.73878338311309,2.800671639746307,85.00357580243126,1285,0.9479519979795441,83.94178293232063,96.68990060315627,163.64611468056302,0.0075,0.33
easy,0.08,0.1,cvar0.1,0.1,3,1,80.80532435821652,3.425641261564837,83.02250190240251,1313,1.0153730080346577,82.27504663990567,92.6829733747464,127.63272005291292,0.0025,0.19
easy,0.08,0.1,cvar0.1,0.1,4,1,80.42169346005255,3.9701871115553913,84.00117479097239,1298,0.7925205000210553,81.94198508585967,88.6831787985831,126.30520561561197,0.005,0.1725
easy,0.08,0.1,cvar0.1,0.1,5,1,81.50005538913028,1.7434070552308496,86.49693429045267,1346,0.7460702190292068,84.92924214411542,101.38134005477163,143.3349818784808,0.01,0.395
easy,0.08,0.1,cvar0.1,0.1,6,1,81.44364519040975,2.9059157986417206,84.78782968510893,1296,0.6873844509827904,84.00909179285377,95.91934656239125,161.95485493416996,0.0125,0.2825
easy,0.08,0.1,cvar0.1,0.1,7,1,81.63417075949623,2.5653442005429827,85.46787968817642,1328,0.6532952060224488,84.674725741896,98.76675218043489,128.94032228291925,0.01,0.35
easy,0.08,0.1,cvar0.1,0.1,8,1,82.14929232324536,1.5664697265257788,88.70708437776081,1307,0.8536148219718598,85.41918609889147,100.21949259514672,125.57181683923334,0.0075,0.34
easy,0.08,0.1,cvar0.1,0.1,9,1,79.9168160894677,4.0,82.70466689627585,1357,0.7663596810307354,80.71542231423423,85.08841732513343,110.94387826564352,0.0,0.0925
easy,0.08,0.1,cvar0.1,0.1,10,1,79.89259010621416,4.0,82.52673552585156,1326,0.7595308430027217,80.9999452002237,87.59382145095483,108.34999637928038,0.0,0.15
easy,0.08,0.1,cvar0.1,0.1,11,1,79.98182181138543,3.0346202869569128,83.19387886957566,1362,0.7632120209746063,81.70142985532797,89.06118778113887,131.78519456565482,0.0025,0.17
easy,0.08,0.1,cvar0.1,0.1,12,1,82.90055008351729,0.978579484441682,89.60357147212477,1326,0.7690615879837424,88.75777744978168,107.52048526251225,156.898142691934,0.0125,0.61
easy,0.08,0.1,cvar0.1,0.1,13,1,80.9859667865492,1.5655120884691007,84.47389626651783,1347,0.8318798179971054,82.92628846631095,93.12675318421223,113.12211044162026,0.0,0.27
easy,0.08,0.1,cvar0.1,0.1,14,1,84.68729700508861,3.8600293934444885,88.49798777169464,1287,0.5784806299488991,86.85700681973681,98.26022832298557,134.7946654056291,0.0075,0.23
easy,0.08,0.1,cvar0.1,0.1,15,1,80.4450134596725,0.32457642492403593,86.01176592213729,1361,0.6671009910060093,84.69856026793472,100.18941496262582,152.07327471324166,0.0075,0.44
easy,0.08,0.1,cvar0.1,0.1,16,1,80.02830975097288,4.0,82.97952853485559,1331,0.9595283910166472,81.13408347714898,89.0632625919284,109.89590077671534,0.0,0.1575
easy,0.08,0.1,cvar0.1,0.1,17,1,80.22693988648753,1.6457119281867265,86.28360388872971,1325,1.02101975196274,84.15450585146145,100.23494190705765,144.36966600903682,0.015,0.4075
easy,0.08,0.1,cvar0.1,0.1,18,1,80.30785155847144,0.9232884633585687,85.28191038598858,1319,1.033296266978141,83.21839635043948,96.68352622639219,117.29806739256925,0.0,0.3475
easy,0.08,0.1,cvar0.1,0.1,19,1,80.4978988059822,1.4604804567511191,85.381582447547,1321,1.0011979740229435,83.17959562000013,93.59736784242533,167.83888434488887,0.0025,0.3775
easy,0.08,0.1,cvar0.1,0.1,20,1,80.50004426172583,3.1404677491127497,84.20043107279072,1292,0.7316195250023156,82.20405046714644,92.39435878718527,137.28868354303938,0.0025,0.185
easy,0.08,0.1,cvar0.1,0.1,21,1,80.91284573422116,2.8900190555569507,84.60269604548823,1319,0.9531525589991361,82.92117574983942,94.30509737941654,182.9325512429015,0.0025,0.22
easy,0.08,0.1,cvar0.1,0.1,22,1,81.48649872644346,2.2040007871001492,84.99855053960441,1288,0.9386558670084924,83.58869643914979,93.32710083334398,129.89573680074238,0.0075,0.2425
easy,0.08,0.1,cvar0.1,0.1,23,1,83.12397011875566,1.3671280374020194,89.09677760657637,1300,0.935674290987663,87.9938604746062,107.41532012925629,136.2259830790128,0.01,0.395
easy,0.08,0.1,cvar0.1,0.1,24,1,82.01595524721347,0.478186051918446,88.62800436332749,1320,0.7171918639796786,87.5974951471795,106.35533746349451,141.62072027229752,0.025,0.5925
easy,0.08,0.1,cvar0.1,0.1,25,1,81.17920316315194,1.9880114479082058,85.45684807116865,1307,0.6699200799921528,83.88194633584072,97.80133253934811,130.244873612292,0.005,0.29
easy,0.08,0.1,cvar0.1,0.1,26,1,80.40169727263563,3.5164670284171984,83.7358782197443,1304,0.7226569930207916,82.00174417333191,90.98120067103005,153.29079003369858,0.005,0.1825
easy,0.08,0.1,cvar0.1,0.1,27,1,81.05192965432477,4.0,83.96334386845533,1322,0.7341108940308914,82.62034647892175,92.26795853135654,124.16616195673123,0.0025,0.24
easy,0.08,0.1,cvar0.1,0.1,28,1,79.50012342530752,4.0,82.06886822677586,1316,0.8160176349920221,80.64833182119315,84.83989199016614,139.36607824661647,0.01,0.13
easy,0.08,0.1,cvar0.1,0.1,29,1,82.16126538768681,2.338206121293557,87.06639958029042,1335,0.6846368469996378,85.02546767451504,100.35101754218532,123.63723495826908,0.0025,0.3275
easy,0.08,0.1,cvar0.1,0.1,30,1,80.47294461987461,3.3912983506040186,84.16536957375945,1340,0.6167801839765161,82.43889762316539,92.92490288059572,138.5222057146753,0.005,0.2175
easy,0.08,0.1,cvar0.1,0.1,31,1,81.99199362138167,2.2070154430961413,87.48655131792925,1331,0.6502201720140874,84.7342756987311,95.53508555635935,138.4285578736347,0.0025,0.37
easy,0.08,0.1,cvar0.1,0.1,32,1,79.86263178683677,1.1094209629997196,85.6486228196134,1310,0.7588870259933174,83.67337901553584,98.88106489197898,129.06623775697707,0.0025,0.4375
easy,0.08,0.1,cvar0.1,0.1,33,1,80.35704417372237,1.0320839993298936,86.93468156740131,1292,0.7520555219962262,84.44177148987421,102.50828284871585,117.76193241042633,0.0,0.4575
easy,0.08,0.1,cvar0.1,0.1,34,1,80.25236396214885,3.2250190648007906,83.05691329740097,1352,0.7773314189980738,81.7734974150238,90.38457525657353,120.16585195897667,0.005,0.1625
easy,0.08,0.1,cvar0.1,0.1,35,1,79.9184151266786,1.146912047825757,84.80898094002787,1331,0.6737818489782512,82.66414701700648,94.82637763050137,118.29561713558982,0.0,0.4175
easy,0.08,0.1,cvar0.1,0.1,36,1,80.37005549132698,1.5208577931111436,86.20619292772281,1294,0.6941832330194302,83.67681953783321,98.72092842551224,116.22339419786152,0.0,0.365
easy,0.08,0.1,cvar0.1,0.1,37,1,81.2990187419647,1.8497591590797198,85.68687815055056,1309,0.7142456050496548,84.94590276938595,101.01923272451002,134.2266754547269,0.01,0.445
easy,0.08,0.1,cvar0.1,0.1,38,1,81.77003798441862,1.3062636683517206,88.82488164434578,1271,0.6040366860106587,87.14881986491217,107.56646892762693,158.68783692922833,0.03,0.5325
easy,0.08,0.1,cvar0.1,0.1,39,1,83.09927508832698,0.9645638935453769,89.43163496273131,1263,0.5489766109967604,87.75918724473105,103.70321163741683,151.0902076059961,0.0175,0.42
easy,0.08,0.1,cvar0.1,0.1,40,1,81.35979920908053,1.4997323245292957,86.66379346189652,1334,1.0817821059608832,85.88368169101861,104.58463006237626,126.12173441823715,0.015,0.545
easy,0.08,0.1,cvar0.1,0.1,41,1,81.220623053025,1.5160511398142793,86.4544916798757,1305,1.0620935499900952,84.83340265781626,101.50845705138745,149.6852446212,0.0025,0.365
easy,0.08,0.1,cvar0.1,0.1,42,1,79.70536040372295,1.0802651962037246,84.57992830900696,1332,1.0578819490037858,83.03925215873245,96.20866176481059,149.44567741653793,0.005,0.3725
easy,0.08,0.1,cvar0.1,0.1,43,1,81.39953968260677,2.718088074760104,84.56584643266238,1372,0.9516395389800891,82.84254430622826,91.98167727373789,121.72581823876241,0.0025,0.1775
easy,0.08,0.1,cvar0.1,0.1,44,1,82.26797233043811,4.0,85.39714980424588,1330,0.7694804899510927,83.85160895923677,92.9679949959968,130.30997221383524,0.0025,0.2025
easy,0.08,0.1,cvar0.1,0.1,45,1,81.68519484205203,2.601002108955184,87.40987587796582,1330,0.7000220980262384,84.67329428091088,97.13917253066867,158.15875893183212,0.0075,0.365
easy,0.08,0.1,cvar0.1,0.1,46,1,80.68396806981865,2.9080380484302717,84.30038153901255,1342,0.6688582919887267,83.0848848325636,94.9421858201808,132.37375951053215,0.005,0.315
easy,0.08,0.1,cvar0.1,0.1,47,1,81.5337415075789,1.7477151663817323,86.78007188180648,1297,0.6557006110087968,84.5175346424892,99.65859693702495,157.75110840478055,0.0125,0.28
easy,0.08,0.1,cvar0.1,0.1,48,1,80.18518601319272,1.429885384479204,86.64121353132971,1354,1.1075312370085157,85.47304140511055,103.78461979567345,154.9876058317265,0.01,0.575
easy,0.08,0.1,cvar0.1,0.1,49,1,79.52329108338084,4.0,82.04619252370169,1362,1.0368331319768913,80.35171301863818,84.23303159425897,110.88045837348525,0.0,0.095
easy,0.08,0.1,cvar0.5,0.5,0,1,82.07340617471847,3.0955606915667477,93.09894654476075,1315,0.9910720849875361,84.50318218730614,96.96988875732877,144.5446154758901,0.01,0.2475
easy,0.08,0.1,cvar0.5,0.5,1,1,80.96199688400243,4.0,89.64808037536119,1312,1.107266325969249,81.95857550155701,90.03691266584613,110.46366398591638,0.0,0.1625
easy,0.08,0.1,cvar0.5,0.5,2,1,80.9530774294298,2.800671639746307,91.80905751850231,1285,1.025813153013587,84.08849119783385,98.29863011097012,135.652854814262,0.01,0.3275
easy,0.08,0.1,cvar0.5,0.5,3,1,80.85015381046259,3.425641261564837,88.68079023290224,1313,1.1508216650108807,82.29396499944589,92.33653861192707,127.34723736831599,0.0025,0.19
easy,0.08,0.1,cvar0.5,0.5,4,1,80.85446812354513,3.9701871115553913,90.19596829043738,1298,1.0793741529923864,82.13678423246989,89.44541204695003,115.77435209332151,0.0,0.1925
easy,0.08,0.1,cvar0.5,0.5,5,1,82.42989404196993,1.5680882556825662,93.02158150875682,1346,1.1526861590100452,85.03057248581976,99.56973009928998,122.4270632484727,0.0025,0.3025
easy,0.08,0.1,cvar0.5,0.5,6,1,82.3339877530646,2.9059157986417206,91.45261413076761,1296,1.0479906820110045,84.64567656980167,98.62377512896919,144.1134536167538,0.01,0.2125
easy,0.08,0.1,cvar0.5,0.5,7,1,81.66168076479612,2.5653442005429827,92.15990195197148,1328,1.11435646697646,84.7463323841636,98.62466499092515,130.96658908967322,0.005,0.355
easy,0.08,0.1,cvar0.5,0.5,8,1,82.47377166708993,1.5664697265257788,97.70004162660648,1307,1.0566450009937398,85.64162996615791,100.44660909476138,136.2024981431229,0.0075,0.3325
easy,0.08,0.1,cvar0.5,0.5,9,1,79.88470523144524,4.0,88.13623216670469,1357,1.165844790986739,80.66760858637474,86.48390016108408,119.59162579743894,0.0025,0.13
easy,0.08,0.1,cvar0.5,0.5,10,1,80.210513614396,4.0,88.11425509050136,1326,0.7718009160016663,80.99612550439355,85.71706979456265,109.99563369506448,0.0,0.1275
easy,0.08,0.1,cvar0.5,0.5,11,1,80.07058707491734,2.985025613669957,89.2772284644564,1362,0.7997872459818609,81.79581400988523,89.8369125941022,118.471420372032,0.0,0.1925
easy,0.08,0.1,cvar0.5,0.5,12,1,84.55841260453734,0.978579484441682,98.1277499332745,1326,0.750200376030989,89.26363475950315,109.013494024016,186.91341067798677,0.0125,0.495
easy,0.08,0.1,cvar0.5,0.5,13,1,81.34541657598864,2.0077463070560997,90.6342243656412,1347,0.8084922109846957,82.65130712458198,89.75461286157879,118.62104650940556,0.0,0.2075
easy,0.08,0.1,cvar0.5,0.5,14,1,84.70286896644214,3.8600293934444885,95.22999161632374,1287,0.7629800030263141,86.85397881787566,97.75879246884365,136.35051819471363,0.0075,0.23
easy,0.08,0.1,cvar0.5,0.5,15,1,81.38094027228809,1.3076766577166872,92.80738557386537,1361,0.8519060210091993,84.20994772877175,100.3282891156356,120.36392722948527,0.005,0.31
easy,0.08,0.1,cvar0.5,0.5,16,1,80.08047071423067,4.0,89.20522786360527,1331,0.8434625209774822,81.33022187926767,89.45654591047372,114.69074217042841,0.0,0.17
easy,0.08,0.1,cvar0.5,0.5,17,1,81.07623266044787,1.6607300563142169,94.39841778555228,1325,0.7986416009953246,84.44958184397318,99.56505336882185,132.33853516729098,0.0125,0.39
easy,0.08,0.1,cvar0.5,0.5,18,1,82.70973714352861,4.0,91.82171522234646,1319,0.7260258909664117,84.47254498841829,96.53799314441001,146.6370198834246,0.01,0.1625
easy,0.08,0.1,cvar0.5,0.5,19,1,81.63391583157322,2.286899704530776,93.06969096783827,1321,0.7389887440367602,83.99996099444066,96.83224967454068,128.08959059115242,0.0075,0.31
easy,0.08,0.1,cvar0.5,0.5,20,1,80.59913933688613,3.1404677491127497,90.76542578794978,1292,0.6788236699649133,82.24636799818754,92.1239195322516,137.383583310611,0.0025,0.1825
easy,0.08,0.1,cvar0.5,0.5,21,1,80.94885588256713,2.925948007085953,91.25656709545147,1319,0.7014913749881089,82.99646707471693,94.3730935806353,121.46775687961343,0.005,0.245
easy,0.08,0.1,cvar0.5,0.5,22,1,81.48649872644346,2.2040007871001492,91.31678908104195,1288,0.7324353759759106,83.58869643914979,93.32710083334398,129.89573680074238,0.0075,0.2425
easy,0.08,0.1,cvar0.5,0.5,23,1,83.3869269583754,1.5385557742635738,97.11620903986204,1300,0.7728651980287395,87.85614500883956,107.47214329474222,134.24755305438697,0.02,0.4225
easy,0.08,0.1,cvar0.5,0.5,24,1,85.34023173885835,3.228059605465414,95.63811521173032,1320,0.7781274740118533,87.00455674810559,95.54025760913902,118.93983504255225,0.0025,0.285
easy,0.08,0.1,cvar0.5,0.5,25,1,81.25070535144063,1.9880114479082058,92.58466776362394,1307,0.8179222749895416,83.93373834682151,97.70113862856365,130.74665129093728,0.005,0.285
easy,0.08,0.1,cvar0.5,0.5,26,1,80.59112914501281,3.902518891666,89.83655506501083,1304,0.7067857729853131,82.11472210635448,91.79626077294238,121.74655318551771,0.0025,0.1875
easy,0.08,0.1,cvar0.5,0.5,27,1,81.05399325058062,4.0,89.75163757331882,1322,0.8023086009779945,82.6243777268413,92.28281913794387,124.19825452710518,0.0025,0.24
easy,0.08,0.1,cvar0.5,0.5,28,1,79.57428171045811,4.0,87.09080588446881,1316,0.7858742069802247,80.38555139312739,84.96481819905917,126.13150443776138,0.0025,0.12
easy,0.08,0.1,cvar0.5,0.5,29,1,82.64765688023444,2.338206121293557,94.15264659619142,1335,0.8190149599686265,85.22030841325312,99.7401680244135,134.50611386114352,0.0075,0.29
easy,0.08,0.1,cvar0.5,0.5,30,1,80.78457814642991,4.0,90.41706541639687,1340,0.7287908579455689,82.37907413917601,91.24892008877286,125.09141715321466,0.0075,0.165
easy,0.08,0.1,cvar0.5,0.5,31,1,84.23807236878977,3.68899218376968,94.35320850671701,1331,0.7845319400075823,86.09251966120874,96.65098970193229,129.7398036744628,0.01,0.21
easy,0.08,0.1,cvar0.5,0.5,32,1,80.7205278643159,3.041741004879862,92.96832632360321,1310,0.6965741509920917,84.37312245792936,100.40492519321612,143.6699021642087,0.0175,0.3575
easy,0.08,0.1,cvar0.5,0.5,33,1,80.5538591646675,1.1630184959742937,95.75850088497475,1292,0.780796489038039,84.8916675159134,101.42648968396124,140.10141708210506,0.015,0.4225
easy,0.08,0.1,cvar0.5,0.5,34,1,80.31629468463369,3.2250190648007906,88.9445523070533,1352,0.7996671479777433,81.21937955404572,86.43556193031706,138.69781083670114,0.0025,0.145
easy,0.08,0.1,cvar0.5,0.5,35,1,80.20165178852058,1.146912047825757,92.13489065220026,1331,0.7308856270392425,83.40857352469733,98.8869731207864,127.14637418966221,0.0075,0.4225
easy,0.08,0.1,cvar0.5,0.5,36,1,80.56234526952507,1.5208577931111436,94.27317823825376,1294,0.715584525023587,84.2541041764363,101.39394817699821,153.9817581754498,0.01,0.38
easy,0.08,0.1,cvar0.5,0.5,37,1,81.8496586370954,1.8497591590797198,92.76948694468115,1309,0.7099692709743977,85.04654269790653,100.74698539823555,132.59744152307286,0.005,0.395
easy,0.08,0.1,cvar0.5,0.5,38,1,82.25535147556559,1.3062636683517206,97.85097388235937,1271,0.6828653289703652,86.96326229459686,105.01200223807831,138.7445893278039,0.02,0.525
easy,0.08,0.1,cvar0.5,0.5,39,1,83.6219556876725,1.4730812636592714,97.33015397069573,1263,0.740492295997683,87.36808765332735,103.1885748811818,130.8107350511102,0.0075,0.4125
easy,0.08,0.1,cvar0.5,0.5,40,1,83.45552905140403,2.8460526492393057,94.33270328941592,1334,0.8005631319829263,86.91223609317589,102.69280540511213,141.50922198033032,0.015,0.355
easy,0.08,0.1,cvar0.5,0.5,41,1,82.4994852888019,2.9401327473662624,93.90877848882326,1305,0.7501612519845366,85.0381690465552,100.20161504147684,124.70434294281094,0.005,0.28
easy,0.08,0.1,cvar0.5,0.5,42,1,80.00915352997353,1.0802651962037246,91.69831949971976,1332,0.7643832750036381,82.69442169445466,90.97667735471715,139.50693952483837,0.0125,0.3525
easy,0.08,0.1,cvar0.5,0.5,43,1,81.47301883874357,3.7189238584890583,90.43922323481064,1372,0.8094504610053264,82.60582801012256,91.08170603581166,122.4116886855772,0.005,0.145
easy,0.08,0.1,cvar0.5,0.5,44,1,82.33763418009036,4.0,91.65701045021397,1330,0.7528408970101736,84.38662852886857,94.81895201022917,126.68137378897035,0.005,0.2
easy,0.08,0.1,cvar0.5,0.5,45,1,82.6772608679868,2.9476998655803044,95.27392133209366,1330,0.8700273439753801,85.165082675733,95.14364414425737,122.58344920475636,0.01,0.3175
easy,0.08,0.1,cvar0.5,0.5,46,1,81.08487014969289,3.3853664258258407,90.91081104171624,1342,1.0454742350266315,83.73964942110149,100.09094874001691,188.63647205856566,0.0075,0.23
easy,0.08,0.1,cvar0.5,0.5,47,1,82.13416286569004,2.687830329719395,94.08130694894272,1297,0.9950029650353827,83.93854292900792,95.71944255073336,134.25637395359811,0.0025,0.27
easy,0.08,0.1,cvar0.5,0.5,48,1,84.18000136010816,2.0463651175861943,94.9853921241364,1354,0.9830807689577341,86.43434196061644,98.25392007536223,154.55351232871791,0.0075,0.2775
easy,0.08,0.1,cvar0.5,0.5,49,1,79.6656497610283,4.0,87.5176539685429,1362,0.7416723860078491,80.48650609127554,84.58774184095807,109.65917538891692,0.0,0.0675
easy,0.08,0.1,cvar0.9,0.9,0,1,84.66207001543027,3.483652703537328,116.76351365339502,1315,0.9543585780193098,86.29257478951877,96.31930378393785,143.54461847207503,0.0075,0.2025
easy,0.08,0.1,cvar0.9,0.9,1,1,81.68333716778048,4.0,105.03048658464652,1312,0.8611350159626454,82.85300006692437,91.76614150202441,131.3439370630174,0.0025,0.16
easy,0.08,0.1,cvar0.9,0.9,2,1,83.05972500741305,2.800671639746307,114.36501976563656,1285,0.7976786390063353,85.40754563429341,97.29409218073064,126.52969653686652,0.0025,0.315
easy,0.08,0.1,cvar0.9,0.9,3,1,81.10133747291465,3.744084195589771,102.67571174165072,1313,0.5572639759629965,82.5552007204419,92.20929754257277,124.48131021451695,0.0025,0.19
easy,0.08,0.1,cvar0.9,0.9,4,1,82.99192141424999,4.0,105.53578532076003,1298,0.7480263269972056,83.87564389835758,89.91867944695946,118.00551819798264,0.0,0.1475
easy,0.08,0.1,cvar0.9,0.9,5,1,82.67588780083814,1.6367748928975363,113.97921463569823,1346,0.7668341979733668,84.86748781179544,95.93503456484777,119.0919275554455,0.0025,0.3425
easy,0.08,0.1,cvar0.9,0.9,6,1,83.7467609848141,4.0,106.27928732281863,1296,0.6878413339727558,85.0481196344025,94.18199537470288,120.75075535417488,0.0025,0.2275
easy,0.08,0.1,cvar0.9,0.9,7,1,82.87357718501441,3.3134372120896662,113.23309118611279,1328,0.7174832440214232,85.81332404425447,99.87474907014092,144.38671342202824,0.015,0.3325
easy,0.08,0.1,cvar0.9,0.9,8,1,87.83074966815084,3.239163151103833,126.70498621952139,1307,1.082111067022197,89.07130828400892,97.71233264978729,122.91085483524466,0.0025,0.19
easy,0.08,0.1,cvar0.9,0.9,9,1,81.12078910956043,4.0,101.08199145026975,1357,0.9317709319875576,81.80377521945734,86.36900147062276,100.98519690816777,0.0,0.15
easy,0.08,0.1,cvar0.9,0.9,10,1,81.49237581607201,4.0,99.70762343379371,1326,0.7506104619824328,82.2190251851945,86.93027335674991,113.40919534504343,0.0,0.125
easy,0.08,0.1,cvar0.9,0.9,11,1,80.92318982271004,3.152535982727044,105.81966829719326,1362,0.7285780759993941,82.40543299631446,90.83432625403587,112.69703192234623,0.0,0.205
easy,0.08,0.1,cvar0.9,0.9,12,1,88.9001563989463,2.2178490120264334,127.35834616506588,1326,1.0081536620273255,91.74226902761764,104.52931833416903,134.92948963955794,0.0075,0.3525
easy,0.08,0.1,cvar0.9,0.9,13,1,83.05424699126466,3.0930453842963512,106.866786048901,1347,0.8357283910154365,84.00782705344038,89.5781247544534,110.09144873225695,0.0,0.1575
easy,0.08,0.1,cvar0.9,0.9,14,1,87.0135288374726,4.0,113.1466570594311,1287,0.6831146299955435,88.5961207700803,98.05289440211733,128.70848218675752,0.0025,0.2125
easy,0.08,0.1,cvar0.9,0.9,15,1,87.01940663772903,4.0,110.77921509419954,1361,0.8348627560189925,88.45177213912648,96.76565390296237,122.61711304564263,0.0025,0.19
easy,0.08,0.1,cvar0.9,0.9,16,1,81.97012897467978,4.0,104.26586321226749,1331,1.0116114179836586,82.62657664461194,88.7256551612829,114.13582039686395,0.0,0.1025
easy,0.08,0.1,cvar0.9,0.9,17,1,83.54178953357612,1.9002420663661543,125.66769149564858,1325,0.8883361510233954,85.74339758001268,96.4501669808817,118.79882751449473,0.0025,0.3625
easy,0.08,0.1,cvar0.9,0.9,18,1,83.33500589543574,4.0,108.88241542342614,1319,0.8531860309885815,84.51643220896187,93.8864384562384,113.13980908552556,0.0,0.205
easy,0.08,0.1,cvar0.9,0.9,19,1,86.4005706273354,4.0,115.73316423371071,1321,0.9638213450089097,87.69081079963665,96.14651709782852,122.4702984613556,0.005,0.1825
easy,0.08,0.1,cvar0.9,0.9,20,1,83.52344501534002,4.0,108.85611678869894,1292,0.8426516080508009,85.08935180301411,94.54861537454175,130.20502569820704,0.0025,0.1875
easy,0.08,0.1,cvar0.9,0.9,21,1,84.59093363660477,4.0,112.17008203944977,1319,0.6770200000028126,86.06374485519076,94.50007564433345,123.90527399720519,0.0025,0.21
easy,0.08,0.1,cvar0.9,0.9,22,1,82.76426968543835,2.5545680248327196,107.4430251303026,1288,0.6826389410416596,83.99594787481374,91.52748523187596,109.95656580048981,0.0,0.1625
easy,0.08,0.1,cvar0.9,0.9,23,1,89.29011262174242,3.8243088746780254,118.32992884202949,1300,0.7519424189813435,91.04761436988818,100.04124220611214,139.23544622227388,0.0075,0.235
easy,0.08,0.1,cvar0.9,0.9,24,1,88.7604259154037,4.0,115.98559161105644,1320,1.0313192199682817,89.99483494304096,97.27005083486394,125.71400973286131,0.005,0.205
easy,0.08,0.1,cvar0.9,0.9,25,1,87.0832293871299,4.0,111.13858619418234,1307,1.035298030008562,88.00192011442883,93.78462957827402,124.5933603470913,0.0025,0.1925
easy,0.08,0.1,cvar0.9,0.9,26,1,81.60062913854335,4.0,105.8288525582007,1304,0.9178218260058202,82.45034418093414,86.70722047409127,111.66545183687236,0.0,0.16
easy,0.08,0.1,cvar0.9,0.9,27,1,82.00433106137348,4.0,105.19328313886942,1322,0.9856774169602431,83.2516555771093,91.84815091995064,118.65051283056437,0.0,0.1875
easy,0.08,0.1,cvar0.9,0.9,28,1,79.72243011135605,4.0,98.33555335585028,1316,0.7609239160083234,80.4889871769803,85.43474228405569,103.26318368226573,0.0,0.1225
easy,0.08,0.1,cvar0.9,0.9,29,1,85.87402924913599,3.3865132589054223,114.6572962480648,1335,0.7800529039814137,87.34926034928469,95.78288734430573,135.87291514212126,0.005,0.235
easy,0.08,0.1,cvar0.9,0.9,30,1,82.14999269771435,4.0,108.46918302949146,1340,0.8022089730366133,83.50361999660447,91.08400635559897,127.81953191115642,0.005,0.165
easy,0.08,0.1,cvar0.9,0.9,31,1,86.81373730922313,4.0,112.55395825317333,1331,0.742178253014572,87.85412080629777,93.8841802448878,117.15226332980949,0.0,0.15
easy,0.08,0.1,cvar0.9,0.9,32,1,83.3890730339102,2.6821453722067705,115.22116817138007,1310,0.7344568680273369,85.47658930887664,96.43991139619482,124.01876020086752,0.0025,0.335
easy,0.08,0.1,cvar0.9,0.9,33,1,82.79139511620909,1.8341749973629762,131.64823881957372,1292,0.6331178859691136,86.12550078305412,98.86023465654715,154.0957899143436,0.0075,0.4
easy,0.08,0.1,cvar0.9,0.9,34,1,81.04963002638993,4.0,103.12459573732934,1352,0.7759007549611852,81.89273953219285,86.08708537191579,116.62741992530455,0.0,0.1175
easy,0.08,0.1,cvar0.9,0.9,35,1,87.19481437767195,4.0,107.90805753796768,1331,0.7096483139903285,88.36902824385234,93.7353022198612,135.50519802157905,0.005,0.2225
easy,0.08,0.1,cvar0.9,0.9,36,1,86.81294781064442,3.428718943920032,119.90767419396524,1294,0.914544070023112,88.5166298820876,97.00050704276262,134.77660197999262,0.0075,0.3225
easy,0.08,0.1,cvar0.9,0.9,37,1,86.24363404251028,3.8214618506268536,112.21966067341837,1309,0.9886332140304148,88.93656042773463,104.27184742719446,126.81291745773578,0.015,0.305
easy,0.08,0.1,cvar0.9,0.9,38,1,88.28563705400542,4.0,118.32323912297213,1271,0.9385693930089474,89.27478827715497,96.09215909408195,116.27658495563573,0.0,0.19
easy,0.08,0.1,cvar0.9,0.9,39,1,89.78892727495355,3.7366480118044847,125.86765741452594,1263,0.9855261310003698,92.45219530104805,105.42740703222896,139.00353307844202,0.015,0.2625
easy,0.08,0.1,cvar0.9,0.9,40,1,86.23255491650477,4.0,113.31826003088513,1334,0.9994339600089006,87.84863562047835,98.02063245975911,119.77728728045248,0.0025,0.23
easy,0.08,0.1,cvar0.9,0.9,41,1,84.85056040375372,3.9469385696879593,113.99461099829853,1305,0.9986942220130004,86.79663792977881,96.6299516085804,123.58049822514279,0.0075,0.265
easy,0.08,0.1,cvar0.9,0.9,42,1,86.92760542109181,3.5700981738936686,115.39096346970292,1332,0.9248564930167049,88.51045098065006,97.24175378028066,121.00001012652598,0.0025,0.21
easy,0.08,0.1,cvar0.9,0.9,43,1,82.42840306844549,4.0,105.42971864484613,1372,1.0797097079921514,83.10276185180034,88.4680129953907,106.05540090654327,0.0,0.1375
easy,0.08,0.1,cvar0.9,0.9,44,1,84.42953982029792,4.0,108.02049617538178,1330,1.0151802329928614,85.60930003618552,91.06999131913115,125.1278170556431,0.0025,0.145
easy,0.08,0.1,cvar0.9,0.9,45,1,82.99471468863162,2.9476998655803044,124.07687759148958,1330,1.1062122029834427,85.23314578021754,97.58606405298106,118.81041154309804,0.0025,0.305
easy,0.08,0.1,cvar0.9,0.9,46,1,85.4130269835652,4.0,109.18747136987453,1342,1.095858553017024,86.736761531087,96.65656890373437,129.49390464259025,0.0025,0.185
easy,0.08,0.1,cvar0.9,0.9,47,1,85.53542303306095,3.242406937106444,120.26827623207197,1297,1.0433687559561804,87.32557058702943,97.898156114911,125.25551196979521,0.005,0.2275
easy,0.08,0.1,cvar0.9,0.9,48,1,87.4853788099376,3.203685834193472,114.50114999687446,1354,1.0232583330362104,89.41651619698547,101.27090409091474,128.57955361602706,0.0125,0.2075
easy,0.08,0.1,cvar0.9,0.9,49,1,80.81300979003339,4.0,100.57538815437404,1362,0.9394874079735018,81.68181211148523,85.47178716230049,135.92217350376478,0.0025,0.075
easy,0.08,0.5,rrtstar,,0,1,80.46602946837616,0.6082653543687431,80.46602946837614,1315,0.1588240209966898,101.67416325183774,187.29389210444933,468.5006977278751,0.18,0.38
easy,0.08,0.5,rrtstar,,1,1,79.6371249824405,0.6511637806797594,79.6371249824405,1312,0.1667046569637023,104.0920697386098,210.63234470799995,371.5674075932682,0.2225,0.4725
easy,0.08,0.5,rrtstar,,2,1,79.52337363339116,0.046110385952773614,79.52337363339113,1285,0.14591516100335866,115.94079112438558,233.7768223235004,460.0795988602527,0.305,0.5775
easy,0.08,0.5,rrtstar,,3,1,79.85990333195221,0.34593360621493785,79.85990333195222,1313,0.15540243400027975,102.71922912354714,205.63899604148577,474.2171458846485,0.1975,0.4325
easy,0.08,0.5,rrtstar,,4,1,79.78423601094907,1.2328088337483698,79.78423601094909,1298,0.15246438002213836,94.42976790961472,167.0714812577777,359.47907054196247,0.135,0.235
easy,0.08,0.5,rrtstar,,5,1,80.84930293032154,0.04084586820136238,80.84930293032153,1346,0.1608201740309596,114.63874340787306,237.54097655124184,397.39770586874374,0.2925,0.5225
easy,0.08,0.5,rrtstar,,6,1,79.9780141617123,0.8129749871975107,79.9780141617123,1296,0.16141096100909635,107.55124765161636,195.93751771143766,525.2881293179773,0.255,0.495
easy,0.08,0.5,rrtstar,,7,1,79.94578696218534,0.11376718660287533,79.94578696218537,1328,0.1871761719812639,128.78725360014542,267.7620394405888,540.63793444349,0.3725,0.675
easy,0.08,0.5,rrtstar,,8,1,80.30774815859124,0.02981228939398539,80.30774815859121,1307,0.15985241503221914,127.13934380518431,278.58792148964966,556.1762328315505,0.39,0.685
easy,0.08,0.5,rrtstar,,9,1,79.81970302485954,2.671981329333182,79.81970302485955,1357,0.16904253599932417,92.29921783037473,172.83598391947865,425.43762887732964,0.1025,0.18
easy,0.08,0.5,rrtstar,,10,1,79.66541752079557,3.0568588955980234,79.66541752079554,1326,0.15861513500567526,85.79277423456196,119.3575701052533,215.907453053629,0.0525,0.17
easy,0.08,0.5,rrtstar,,11,1,79.55240370675511,1.2356164450569989,79.55240370675511,1362,0.15371806896291673,95.82431394860338,173.11967494447316,423.55853694814823,0.1375,0.305
easy,0.08,0.5,rrtstar,,12,1,82.10069746021134,0.23970655600324386,82.10069746021135,1326,0.15792772598797455,135.92870379958816,280.91635722040434,577.9931496807518,0.425,0.7125
easy,0.08,0.5,rrtstar,,13,1,80.38809807512283,0.378774002229356,80.38809807512281,1347,0.16434933501295745,101.7882274173271,200.24315920424368,423.5944514181564,0.1975,0.325
easy,0.08,0.5,rrtstar,,14,1,81.75469863739534,0.028753703203512337,81.75469863739534,1287,0.15407997398870066,131.2296875405054,245.8636818381164,481.9469846540502,0.435,0.7375
easy,0.08,0.5,rrtstar,,15,1,80.10636120974122,0.32457642492403593,80.10636120974122,1361,0.15961691999109462,106.86956635440828,210.78959846932096,363.0177682231717,0.24,0.4775
easy,0.08,0.5,rrtstar,,16,1,79.52717535743658,0.19707779595302233,79.52717535743658,1331,0.15581333998125046,102.11344221627907,197.9835765813368,394.02385460494634,0.21,0.4
easy,0.08,0.5,rrtstar,,17,1,79.65803197668426,0.950610403892409,79.65803197668426,1325,0.16264297894667834,102.04486714513612,199.80204667477014,400.36213881536264,0.1825,0.415
easy,0.08,0.5,rrtstar,,18,1,80.13806460759047,0.31309770085942956,80.1380646075905,1319,0.15168716001790017,107.86561590727673,213.79432478484125,426.18139608465424,0.2475,0.4125
easy,0.08,0.5,rrtstar,,19,1,80.14466104149251,0.3461168973041042,80.1446610414925,1321,0.15234674798557535,99.62190424109126,181.21359775624916,333.2472072495254,0.1875,0.4125
easy,0.08,0.5,rrtstar,,20,1,80.12442771209318,0.7905866311837677,80.12442771209318,1292,0.16280316200572997,99.44322818100389,176.93146033028094,553.4246625116206,0.1775,0.3325
easy,0.08,0.5,rrtstar,,21,1,79.92037338716233,0.8719031266776822,79.92037338716233,1319,0.15896189102204517,99.2126895846294,190.876002798425,275.5923563598508,0.1775,0.34
easy,0.08,0.5,rrtstar,,22,1,80.92371530879467,0.03766025912394655,80.9237153087947,1288,0.16561533801723272,101.31236158281874,185.9188403988183,607.9113897621287,0.17,0.405
easy,0.08,0.5,rrtstar,,23,1,80.6634668768206,0.22693809330170245,80.66346687682065,1300,0.1849891989841126,124.4095100002168,240.93467309083547,441.7408471883939,0.3925,0.665
easy,0.08,0.5,rrtstar,,24,1,81.13586233277135,0.39511103023014327,81.13586233277131,1320,0.1698310659849085,116.71830983207583,258.8295841429044,472.2074784047608,0.2775,0.495
easy,0.08,0.5,rrtstar,,25,1,79.92220304335025,1.0938166962790081,79.92220304335027,1307,0.20093480899231508,98.16095968054003,178.13300640409582,374.163766221623,0.17,0.3825
easy,0.08,0.5,rrtstar,,26,1,79.63704559974983,1.623281522140367,79.63704559974983,1304,0.1907569810282439,97.06609218078239,188.41267964673915,443.7698171267584,0.1575,0.3175
easy,0.08,0.5,rrtstar,,27,1,79.49940425087644,0.3441559027317376,79.49940425087644,1322,0.21097969595575705,108.6290650346617,215.54261519089383,513.0916478495092,0.23,0.465
easy,0.08,0.5,rrtstar,,28,1,79.47303502011188,4.0,79.4730350201119,1316,0.17751924903132021,84.70586290876481,113.48076842625956,336.61210991965174,0.0475,0.13
easy,0.08,0.5,rrtstar,,29,1,81.24967212233987,0.058311114969847644,81.24967212233987,1335,0.16229116497561336,133.86396029163774,267.87508548023993,640.2722492292495,0.42,0.665
easy,0.08,0.5,rrtstar,,30,1,79.64117031817932,0.8267878171702843,79.64117031817932,1340,0.16585967998253182,118.1308563474051,226.49646825775116,602.4277327503437,0.3,0.52
easy,0.08,0.5,rrtstar,,31,1,80.25507739428731,0.16779213169625962,80.25507739428728,1331,0.15696160099469125,114.97814437759011,243.96644402392195,373.8867291460649,0.2925,0.5825
easy,0.08,0.5,rrtstar,,32,1,79.42036055406317,1.0708965217316955,79.42036055406317,1310,0.15556634298991412,102.64897528280444,196.4041307407027,372.0740711774108,0.2175,0.39
easy,0.08,0.5,rrtstar,,33,1,79.7743777314912,0.03542763431232743,79.7743777314912,1292,0.15936053497716784,114.62701695527787,228.65224433300082,383.4767513126171,0.2925,0.55
easy,0.08,0.5,rrtstar,,34,1,80.19112026629384,1.8865415829612187,80.19112026629385,1352,0.15719615400303155,91.07566631847561,147.2332582196863,349.5509198616746,0.0975,0.215
easy,0.08,0.5,rrtstar,,35,1,79.30161380175653,0.4857592421496726,79.30161380175653,1331,0.18917234503896907,106.63603637294268,213.99867340856602,375.1222992673338,0.23,0.445
easy,0.08,0.5,rrtstar,,36,1,79.61027885387132,0.1261054773039172,79.61027885387134,1294,0.14254927798174322,109.49099866836899,215.37504609720247,355.37299767620596,0.265,0.4975
easy,0.08,0.5,rrtstar,,37,1,80.17673562141901,0.35130952492751044,80.17673562141901,1309,0.15873378998367116,114.56104476611377,218.271790850911,450.5328849811626,0.3025,0.5775
easy,0.08,0.5,rrtstar,,38,1,80.26285004872352,0.07969943550734104,80.26285004872354,1271,0.1791540690464899,129.9751784732776,257.5640232271338,525.8295544713754,0.415,0.6725
easy,0.08,0.5,rrtstar,,39,1,80.03859745447912,0.004960295158952466,80.03859745447912,1263,0.1956451899604872,133.33274997068128,265.97555333032415,595.2979265127202,0.4425,0.7325
easy,0.08,0.5,rrtstar,,40,1,80.81668525795631,0.22120572923939674,80.81668525795628,1334,0.15484666300471872,125.97068861292287,266.8736920676195,509.38324859586834,0.3575,0.5875
easy,0.08,0.5,rrtstar,,41,1,79.54877793958235,0.10760286833400556,79.54877793958238,1305,0.150407520995941,117.21428887680402,255.19718117767155,458.71217396548974,0.29,0.595
easy,0.08,0.5,rrtstar,,42,1,79.82099900595337,0.4442532421589078,79.82099900595337,1332,0.18372722301864997,96.36382082653432,165.2932715227263,467.7689517607668,0.1425,0.35
easy,0.08,0.5,rrtstar,,43,1,80.35303383347647,0.526292579315486,80.35303383347649,1372,0.16059512901119888,110.42735799018567,210.93616210496918,386.0911370648657,0.2775,0.515
easy,0.08,0.5,rrtstar,,44,1,79.49684688724307,0.973271491173161,79.49684688724302,1330,0.1645671070436947,111.94149527726542,223.5242714001874,449.97641537669966,0.275,0.4925
easy,0.08,0.5,rrtstar,,45,1,79.76682021752613,0.38533813889614743,79.76682021752609,1330,0.16295791399898008,118.28209547166081,229.96606808020292,375.1312150226586,0.35,0.635
easy,0.08,0.5,rrtstar,,46,1,79.74377634884918,0.07117541441157771,79.7437763488492,1342,0.16910974303027615,111.6009525767746,219.73500822082374,386.38060344473314,0.295,0.5875
easy,0.08,0.5,rrtstar,,47,1,81.36542946250498,1.9424431007251677,81.365429462505,1297,0.1620377849903889,98.15482821364336,172.00961996590212,520.3140343401612,0.16,0.3525
easy,0.08,0.5,rrtstar,,48,1,79.68685806641254,1.2017211913427868,79.68685806641255,1354,0.17485422099707648,113.39184952604892,224.15467508164642,396.24461993953,0.2675,0.5325
easy,0.08,0.5,rrtstar,,49,1,79.45738158480347,4.0,79.45738158480347,1362,0.17907578096492216,85.5517581168055,123.71188742618793,253.1954891271982,0.0575,0.1125
easy,0.08,0.5,neutral,0.0,0,1,83.3513401245694,3.483652703537328,93.90178393570059,1315,0.32089880597777665,90.02272589908945,119.7446139809528,320.04395296622914,0.055,0.225
easy,0.08,0.5,neutral,0.0,1,1,81.51103679365349,4.0,86.62771868655597,1312,0.37728908500866964,88.01246774452143,123.3294956857846,327.695042389115,0.055,0.1575
easy,0.08,0.5,neutral,0.0,2,1,82.49723107073581,2.800671639746307,91.09605581748198,1285,0.3389685419970192,96.51029867971558,173.22177762018708,362.2956426540738,0.1325,0.3
easy,0.08,0.5,neutral,0.0,3,1,81.07564860008571,3.744084195589771,83.31340090757712,1313,0.3552693739766255,88.59901642454861,130.0086368195802,333.01836836429453,0.0825,0.225
easy,0.08,0.5,neutral,0.0,4,1,82.17335913802287,4.0,88.4606930635729,1298,0.35222828498808667,88.608920025836,128.83117956346996,257.2746564559412,0.065,0.17
easy,0.08,0.5,neutral,0.0,5,1,82.67588780083814,1.6367748928975363,93.08189330386496,1346,0.37439486500807106,94.01730682459903,149.4900710404014,264.75608657387494,0.1225,0.3425
easy,0.08,0.5,neutral,0.0,6,1,83.28535597733668,4.0,86.47492562049312,1296,0.3456263869884424,90.97277392093339,122.56730324095871,350.5425264082811,0.0575,0.225
easy,0.08,0.5,neutral,0.0,7,1,82.87357718501441,3.3134372120896662,91.4731253244958,1328,0.4696015960071236,96.44374070453028,153.52343731136895,327.6182802626408,0.1375,0.3025
easy,0.08,0.5,neutral,0.0,8,1,86.79673376203101,3.239163151103833,99.0957695688686,1307,0.34074276499450207,96.34154244676323,149.7526933541725,265.11791510968067,0.0925,0.2175
easy,0.08,0.5,neutral,0.0,9,1,79.91206503688932,4.0,85.95737321068768,1357,0.360781132010743,86.2131729254845,116.94846278439326,262.2609950208274,0.0475,0.165
easy,0.08,0.5,neutral,0.0,10,1,80.66649405309717,4.0,84.40144333996915,1326,0.3370047700009309,85.40620157616719,110.98811335245016,218.59738094965303,0.045,0.135
easy,0.08,0.5,neutral,0.0,11,1,80.44694635550856,3.152535982727044,87.50729706295982,1362,0.36129871098091826,88.76654765354033,125.21292948598433,274.78282470298666,0.06,0.235
easy,0.08,0.5,neutral,0.0,12,1,88.23902883244303,2.2178490120264334,101.33742928564405,1326,0.3217463479959406,104.54307306650863,176.20410159815498,299.229644024376,0.1825,0.365
easy,0.08,0.5,neutral,0.0,13,1,82.46246514652532,3.0930453842963512,88.67495930248438,1347,0.37250203697476536,89.63850322499835,127.70106330475608,252.0154962108717,0.065,0.1825
easy,0.08,0.5,neutral,0.0,14,1,86.77965229450396,4.0,92.94223342283138,1287,0.31428671802859753,95.30058502011947,139.8663187980387,297.6594247162223,0.0925,0.215
easy,0.08,0.5,neutral,0.0,15,1,87.01940663772903,4.0,91.86650213397944,1361,0.37575753004057333,94.50479476451432,135.78556491340004,265.007938677297,0.07,0.19
easy,0.08,0.5,neutral,0.0,16,1,81.04399558629909,4.0,85.00392388360657,1331,0.31807916599791497,85.01939457982422,113.26368159722652,239.9049353462448,0.04,0.1125
easy,0.08,0.5,neutral,0.0,17,1,82.25593665985356,1.9002420663661543,96.92512929554968,1325,0.31902508495841175,96.83053236679869,165.65257014143387,267.800750958756,0.16,0.3575
easy,0.08,0.5,neutral,0.0,18,1,82.8033382603487,4.0,89.74754098016678,1319,0.310629585001152,91.19409958415392,149.13498087917588,304.6146654813094,0.085,0.21
easy,0.08,0.5,neutral,0.0,19,1,82.36339977125621,2.286899704530776,93.63135624334129,1321,0.3199368679779582,94.91898149734544,154.19726428619873,318.8992869389223,0.1225,0.35
easy,0.08,0.5,neutral,0.0,20,1,80.9961378259187,3.1404677491127497,89.77622143128951,1292,0.3167169819935225,90.09267977991229,136.17953503688636,434.09341388524484,0.09,0.2275
easy,0.08,0.5,neutral,0.0,21,1,82.29461929562495,3.5448253064390123,90.39336319152953,1319,0.3186522989999503,90.24122925142211,129.10833225127163,238.9707356382329,0.0775,0.245
easy,0.08,0.5,neutral,0.0,22,1,82.76426968543835,2.5545680248327196,89.1352025583527,1288,0.3400909540359862,89.30807227585241,127.19876204103093,219.20600005025838,0.0625,0.1625
easy,0.08,0.5,neutral,0.0,23,1,89.2155680084471,3.8243088746780254,98.27197484122208,1300,0.33456211298471317,97.904060047773,142.61435237300375,262.5294353619079,0.1,0.2275
easy,0.08,0.5,neutral,0.0,24,1,85.88743883198865,3.228059605465414,93.41932537694414,1320,0.3494345940416679,94.26224002282547,136.3882916258504,284.67321594127543,0.085,0.245
easy,0.08,0.5,neutral,0.0,25,1,85.57017253089403,4.0,91.06500820324712,1307,0.38846993999322876,91.40469443231565,121.36398815815267,275.80592202446405,0.055,0.2125
easy,0.08,0.5,neutral,0.0,26,1,81.28301401223091,4.0,87.81466247200274,1304,0.35970251401886344,87.2436987738208,123.10742667236951,439.60481681402047,0.0575,0.155
easy,0.08,0.5,neutral,0.0,27,1,81.66771182961023,4.0,87.41850580274392,1322,0.36153512803139165,87.15815628003158,113.67752811579237,237.70325494039952,0.0425,0.205
easy,0.08,0.5,neutral,0.0,28,1,79.71307171612516,4.0,83.16327773657625,1316,0.3956679059774615,83.80046803434371,106.505807537176,195.7363286432165,0.0375,0.1225
easy,0.08,0.5,neutral,0.0,29,1,85.25653230252834,3.367682400010464,93.88186408691732,1335,0.3728484809980728,93.62463903713682,143.59063881653998,281.26211762935355,0.0925,0.215
easy,0.08,0.5,neutral,0.0,30,1,81.85475407864114,4.0,88.8518989255739,1340,0.3617141449940391,90.92552401988073,132.95449029364582,409.8748191494536,0.0725,0.1875
easy,0.08,0.5,neutral,0.0,31,1,86.35977874614042,4.0,92.4912780065195,1331,0.3582493860158138,95.03273449181208,145.02310758111355,392.233287261798,0.0775,0.145
easy,0.08,0.5,neutral,0.0,32,1,82.94908153584564,2.813246072179026,93.2742980702228,1310,0.5130486789857969,97.07313602728642,159.18354534659966,348.21156254206494,0.1275,0.3525
easy,0.08,0.5,neutral,0.0,33,1,82.3264132009445,1.527638046040388,101.27065959722192,1292,0.4866096640471369,96.82320546349698,157.01971511274473,282.8133908812306,0.1525,0.3575
easy,0.08,0.5,neutral,0.0,34,1,80.79601244794578,3.870838409544666,84.954282199066,1352,0.5212317080004141,84.58717493016923,104.88536390376356,370.79576090781075,0.03,0.1
easy,0.08,0.5,neutral,0.0,35,1,86.45496679817275,4.0,90.6993528197261,1331,0.5118560550035909,93.02579357080808,126.56049918185182,283.8531168836777,0.0625,0.2125
easy,0.08,0.5,neutral,0.0,36,1,85.57438068935858,3.166285860133047,96.46234475458745,1294,0.3349965829984285,96.49830394095618,153.01614744505943,338.1950596430463,0.105,0.2825
easy,0.08,0.5,neutral,0.0,37,1,86.14492458113308,3.8214618506268536,91.99788549873567,1309,0.3674313530209474,98.7108786681002,160.53852080188003,381.7886706088013,0.1425,0.2825
easy,0.08,0.5,neutral,0.0,38,1,87.96354393997657,4.0,96.50405762255032,1271,0.309039700019639,93.85558070145399,139.00969116858658,292.72058853968696,0.07,0.1625
easy,0.08,0.5,neutral,0.0,39,1,84.70013934963006,2.182554125110082,101.18728326909549,1263,0.33982817601645365,101.54280325410497,164.07495421862006,371.82928350733005,0.16,0.375
easy,0.08,0.5,neutral,0.0,40,1,86.38451843382867,4.0,91.62840161639679,1334,0.363665263983421,96.71996237936324,153.63826232870298,368.100747782934,0.0925,0.2325
easy,0.08,0.5,neutral,0.0,41,1,84.14576283498198,3.9469385696879593,92.2702529256039,1305,0.3716019059647806,94.2581162129674,143.78374820719662,379.0665708936305,0.0975,0.23
easy,0.08,0.5,neutral,0.0,42,1,82.00181617430715,1.6307070920570883,93.12059357131511,1332,0.3531110339681618,95.12668280350965,159.03568113854254,316.7347921021256,0.12,0.3325
easy,0.08,0.5,neutral,0.0,43,1,82.00260865749947,4.0,87.49712084343076,1372,0.3776223149616271,87.97020229941195,125.78482809485072,344.3318198678504,0.0575,0.155
easy,0.08,0.5,neutral,0.0,44,1,83.694450386819,4.0,88.21030197792302,1330,0.35923727398039773,89.92812238800488,126.01269591494585,344.2776251424596,0.06,0.1425
easy,0.08,0.5,neutral,0.0,45,1,82.90771801207939,2.9476998655803044,98.07766755304156,1330,0.40914343803888187,93.3511935576423,151.0008110920331,260.2192284660577,0.11,0.2875
easy,0.08,0.5,neutral,0.0,46,1,81.52696305367223,3.6819427930175967,89.63124258402726,1342,0.3518115479964763,92.75500111901869,156.11548592772212,381.62133977473013,0.0975,0.24
easy,0.08,0.5,neutral,0.0,47,1,82.87711908665712,3.0850877231471614,95.46229676021925,1297,0.3800240760319866,94.34564475997333,154.5936198907838,404.9710391083165,0.12,0.2775
easy,0.08,0.5,neutral,0.0,48,1,87.40571196918737,3.203685834193472,93.73690617248911,1354,0.4331253980053589,97.27364960792791,157.46887931884802,249.2091021758505,0.1175,0.2375
easy,0.08,0.5,neutral,0.0,49,1,80.13008859520687,4.0,83.6191080506194,1362,0.3797590939793736,82.87927070573598,102.42773106002953,288.73584149980104,0.015,0.07
easy,0.08,0.5,cvar0.1,0.1,0,1,83.3513401245694,3.483652703537328,102.58879681467741,1315,0.6704905580263585,90.02272589908945,119.7446139809528,320.04395296622914,0.055,0.225
easy,0.08,0.5,cvar0.1,0.1,1,1,81.51103679365349,4.0,94.66964982285513,1312,0.7924123150296509,88.01246774452143,123.3294956857846,327.695042389115,0.055,0.1575
easy,0.08,0.5,cvar0.1,0.1,2,1,82.60465035322898,2.800671639746307,99.74683884914592,1285,0.7141664850059897,94.89584405368961,154.05801749433434,300.56420455457305,0.125,0.315
easy,0.08,0.5,cvar0.1,0.1,3,1,81.07564860008571,3.744084195589771,91.33338715185818,1313,0.7654398519662209,88.50717705428193,136.06771353523473,255.20309448339225,0.0675,0.185
easy,0.08,0.5,cvar0.1,0.1,4,1,82.17335913802287,4.0,96.72696506247445,1298,1.0304108129930682,88.608920025836,128.83117956346996,257.2746564559412,0.065,0.17
easy,0.08,0.5,cvar0.1,0.1,5,1,82.67588780083814,1.6367748928975363,101.82113302142027,1346,0.9762738030403852,94.01730682459903,149.4900710404014,264.75608657387494,0.1225,0.3425
easy,0.08,0.5,cvar0.1,0.1,6,1,83.28535597733668,4.0,94.5722797298134,1296,0.6282669969950803,90.97277392093339,122.56730324095871,350.5425264082811,0.0575,0.225
easy,0.08,0.5,cvar0.1,0.1,7,1,82.87357718501441,3.3134372120896662,99.96365538860724,1328,0.6294201759737916,96.44374070453028,153.52343731136895,327.6182802626408,0.1375,0.3025
easy,0.08,0.5,cvar0.1,0.1,8,1,86.79673376203101,3.239163151103833,108.3747570077309,1307,0.6478358960011974,95.25131362431591,138.16617759029222,329.6012919070643,0.0925,0.1875
easy,0.08,0.5,cvar0.1,0.1,9,1,79.91206503688932,4.0,93.80999336945636,1357,0.7426628789980896,86.2131729254845,116.94846278439326,262.2609950208274,0.0475,0.165
easy,0.08,0.5,cvar0.1,0.1,10,1,80.79817596656576,4.0,92.3529795362789,1326,0.7184368160087615,85.44361614926882,107.69154609064547,218.5105125221288,0.0425,0.135
easy,0.08,0.5,cvar0.1,0.1,11,1,80.44694635550856,3.152535982727044,95.7164259040683,1362,0.7524708569981158,88.76654765354033,125.21292948598433,274.78282470298666,0.06,0.235
easy,0.08,0.5,cvar0.1,0.1,12,1,88.23902883244303,2.2178490120264334,110.88219355118466,1326,0.6420435970067047,108.13502550522573,187.983053167807,461.40024230604354,0.195,0.4025
easy,0.08,0.5,cvar0.1,0.1,13,1,82.46246514652532,3.0930453842963512,96.97430407723932,1347,0.7394974950002506,89.63850322499835,127.70106330475608,252.0154962108717,0.065,0.1825
easy,0.08,0.5,cvar0.1,0.1,14,1,86.77965229450396,4.0,101.71722533251136,1287,0.572352025017608,95.30058502011947,139.8663187980387,297.6594247162223,0.0925,0.215
easy,0.08,0.5,cvar0.1,0.1,15,1,87.01940663772903,4.0,100.38243184223784,1361,0.6418184519861825,94.50479476451432,135.78556491340004,265.007938677297,0.07,0.19
easy,0.08,0.5,cvar0.1,0.1,16,1,81.04399558629909,4.0,93.39739135641061,1331,0.745887955010403,85.01939457982422,113.26368159722652,239.9049353462448,0.04,0.1125
easy,0.08,0.5,cvar0.1,0.1,17,1,82.25593665985356,1.9002420663661543,106.33528438899741,1325,0.6924494439736009,96.9247707836541,166.6635309641124,423.83085017051235,0.1325,0.3525
easy,0.08,0.5,cvar0.1,0.1,18,1,82.8033382603487,4.0,98.10828147373773,1319,1.052133512974251,91.19409958415392,149.13498087917588,304.6146654813094,0.085,0.21
easy,0.08,0.5,cvar0.1,0.1,19,1,82.36339977125621,2.286899704530776,102.43233759108207,1321,1.0577457710169256,94.91898149734544,154.19726428619873,318.8992869389223,0.1225,0.35
easy,0.08,0.5,cvar0.1,0.1,20,1,80.9961378259187,3.1404677491127497,98.12077324377266,1292,1.0036633840063587,90.09267977991229,136.17953503688636,434.09341388524484,0.09,0.2275
easy,0.08,0.5,cvar0.1,0.1,21,1,82.29461929562495,3.5448253064390123,98.97178192476052,1319,1.0907894920092076,90.24122925142211,129.10833225127163,238.9707356382329,0.0775,0.245
easy,0.08,0.5,cvar0.1,0.1,22,1,82.76426968543835,2.5545680248327196,97.60275420516207,1288,0.6785175399854779,89.30807227585241,127.19876204103093,219.20600005025838,0.0625,0.1625
easy,0.08,0.5,cvar0.1,0.1,23,1,89.2155680084471,3.8243088746780254,107.46299948434438,1300,0.70834344800096,98.1876153087118,140.55663156493117,343.3881255544826,0.1,0.245
easy,0.08,0.5,cvar0.1,0.1,24,1,85.88743883198865,3.228059605465414,102.30160629586041,1320,0.6218560080160387,94.26224002282547,136.3882916258504,284.67321594127543,0.085,0.245
easy,0.08,0.5,cvar0.1,0.1,25,1,85.57017253089403,4.0,99.57382211540691,1307,0.6585607679444365,91.40469443231565,121.36398815815267,275.80592202446405,0.055,0.2125
easy,0.08,0.5,cvar0.1,0.1,26,1,81.28301401223091,4.0,95.84440123105429,1304,0.7539949290221557,87.2436987738208,123.10742667236951,439.60481681402047,0.0575,0.155
easy,0.08,0.5,cvar0.1,0.1,27,1,81.66771182961023,4.0,95.6621750749013,1322,0.8127043019630946,88.2885862000416,129.92686170968986,263.3366500124062,0.07,0.185
easy,0.08,0.5,cvar0.1,0.1,28,1,79.71307171612516,4.0,90.97013539886736,1316,0.7688051030272618,83.80046803434371,106.505807537176,195.7363286432165,0.0375,0.1225
easy,0.08,0.5,cvar0.1,0.1,29,1,85.25653230252834,3.367682400010464,102.52152623130306,1335,0.6712222509668209,93.62463903713682,143.59063881653998,281.26211762935355,0.0925,0.215
easy,0.08,0.5,cvar0.1,0.1,30,1,81.85475407864114,4.0,97.31496736491896,1340,0.8609228950226679,90.92552401988073,132.95449029364582,409.8748191494536,0.0725,0.1875
easy,0.08,0.5,cvar0.1,0.1,31,1,86.35977874614042,4.0,101.3500231502903,1331,0.9136444199830294,95.03273449181208,145.02310758111355,392.233287261798,0.0775,0.145
easy,0.08,0.5,cvar0.1,0.1,32,1,82.94908153584564,2.813246072179026,102.23336906479813,1310,0.9848880950012244,97.07313602728642,159.18354534659966,348.21156254206494,0.1275,0.3525
easy,0.08,0.5,cvar0.1,0.1,33,1,82.3264132009445,1.527638046040388,110.99480533227857,1292,0.9993390209856443,96.82320546349698,157.01971511274473,282.8133908812306,0.1525,0.3575
easy,0.08,0.5,cvar0.1,0.1,34,1,80.79601244794578,3.870838409544666,93.12550961172686,1352,0.8009003800107166,84.58717493016923,104.88536390376356,370.79576090781075,0.03,0.1
easy,0.08,0.5,cvar0.1,0.1,35,1,86.5790034886246,4.0,99.12083029275828,1331,0.696028410049621,92.66910977692605,124.44601959909896,285.04639407776375,0.06,0.205
easy,0.08,0.5,cvar0.1,0.1,36,1,85.5737795941391,3.166285860133047,105.66041668281179,1294,0.7492452010046691,96.48700959199505,153.01670051471558,338.3789968779283,0.105,0.285
easy,0.08,0.5,cvar0.1,0.1,37,1,86.14492458113308,3.8214618506268536,100.63153273280447,1309,0.7349648480303586,98.52381065733374,172.04020323917476,518.1327959964915,0.1275,0.29
easy,0.08,0.5,cvar0.1,0.1,38,1,87.96354393997657,4.0,105.53210603819403,1271,0.6198558979667723,94.59794211248978,135.56586287603477,360.5634814087868,0.07,0.1875
easy,0.08,0.5,cvar0.1,0.1,39,1,85.11771685744007,2.2803392619587544,110.7177706401213,1263,0.5589113999740221,101.35726693791243,169.8005333795606,276.96460254924403,0.165,0.36
easy,0.08,0.5,cvar0.1,0.1,40,1,86.38451843382867,4.0,100.3152921711504,1334,0.7611952790175565,96.71996237936324,153.63826232870298,368.100747782934,0.0925,0.2325
easy,0.08,0.5,cvar0.1,0.1,41,1,84.14576283498198,3.9469385696879593,101.1290216766727,1305,0.7248730729916133,94.2581162129674,143.78374820719662,379.0665708936305,0.0975,0.23
easy,0.08,0.5,cvar0.1,0.1,42,1,82.00181617430715,1.6307070920570883,101.69084813272609,1332,1.0462362369871698,95.12668280350965,159.03568113854254,316.7347921021256,0.12,0.3325
easy,0.08,0.5,cvar0.1,0.1,43,1,82.00260865749947,4.0,95.75024842245071,1372,0.9374430640018545,87.97020229941195,125.78482809485072,344.3318198678504,0.0575,0.155
easy,0.08,0.5,cvar0.1,0.1,44,1,83.694450386819,4.0,96.75888549214112,1330,1.0648993329959922,89.92812238800488,126.01269591494585,344.2776251424596,0.06,0.1425
easy,0.08,0.5,cvar0.1,0.1,45,1,82.90771801207939,2.9476998655803044,107.54626477708544,1330,1.010825342964381,93.3511935576423,151.0008110920331,260.2192284660577,0.11,0.2875
easy,0.08,0.5,cvar0.1,0.1,46,1,81.52696305367223,3.6819427930175967,98.23304165713219,1342,0.7190321019734256,92.75500111901869,156.11548592772212,381.62133977473013,0.0975,0.24
easy,0.08,0.5,cvar0.1,0.1,47,1,82.87711908665712,3.0850877231471614,104.55318681845773,1297,0.7180444339755923,94.34564475997333,154.5936198907838,404.9710391083165,0.12,0.2775
easy,0.08,0.5,cvar0.1,0.1,48,1,87.40571196918737,3.203685834193472,102.57314905425889,1354,0.8606453310349025,97.27364960792791,157.46887931884802,249.2091021758505,0.1175,0.2375
easy,0.08,0.5,cvar0.1,0.1,49,1,80.13008859520687,4.0,91.52440082754049,1362,0.7508845690172166,84.13282074273589,104.51326350148456,321.18722574510053,0.025,0.09
easy,0.08,0.5,cvar0.5,0.5,0,1,83.16043796087307,3.483652703537328,136.6136679584158,1315,0.7167489560088143,92.01384155729193,145.64257038751683,315.7773836525892,0.0925,0.2225
easy,0.08,0.5,cvar0.5,0.5,1,1,81.68333716778048,4.0,123.05963278525262,1312,0.8302652959828265,87.91182194527201,132.8973543791947,329.98633664396505,0.055,0.16
easy,0.08,0.5,cvar0.5,0.5,2,1,83.05972500741305,2.800671639746307,132.81694968232398,1285,0.719605065009091,95.16673201716131,154.86280339261967,300.40958265468043,0.125,0.315
easy,0.08,0.5,cvar0.5,0.5,3,1,81.07564860008571,3.744084195589771,119.18669619876572,1313,0.8259195010177791,88.59901642454861,130.0086368195802,333.01836836429453,0.0825,0.225
easy,0.08,0.5,cvar0.5,0.5,4,1,82.92420654268297,4.0,125.405427290492,1298,1.0430585500434972,87.14611739866614,108.67575955156225,235.09501206868748,0.035,0.1025
easy,0.08,0.5,cvar0.5,0.5,5,1,82.67588780083814,1.6367748928975363,134.5206544685513,1346,1.104796878003981,94.01730682459903,149.4900710404014,264.75608657387494,0.1225,0.3425
easy,0.08,0.5,cvar0.5,0.5,6,1,83.74676129679177,4.0,123.80053893110367,1296,1.014660329965409,90.74647178682854,131.22026137218234,233.55263836961632,0.08,0.22
easy,0.08,0.5,cvar0.5,0.5,7,1,82.87357718501441,3.3134372120896662,132.2473489445779,1328,1.0953980619669892,96.27383327461794,164.91531286806685,328.4807223431013,0.1375,0.315
easy,0.08,0.5,cvar0.5,0.5,8,1,87.83074966815084,3.239163151103833,146.03468513576746,1307,0.8174154169973917,94.45448292713067,137.4986409383719,263.2861701824992,0.0775,0.19
easy,0.08,0.5,cvar0.5,0.5,9,1,80.06926007554637,4.0,121.01195167716958,1357,0.7690764959552325,84.2834414453649,108.35303435932738,252.4097984828056,0.0425,0.1675
easy,0.08,0.5,cvar0.5,0.5,10,1,81.4500353546657,4.0,118.85981116398398,1326,0.6985132260015234,86.90933878420674,109.415620530137,226.50670471740042,0.045,0.1275
easy,0.08,0.5,cvar0.5,0.5,11,1,80.92318982271004,3.152535982727044,125.14569916423622,1362,0.732558700023219,88.60639801199551,130.53143910209621,239.79240032089083,0.0625,0.205
easy,0.08,0.5,cvar0.5,0.5,12,1,88.82554666730039,2.2178490120264334,147.56548858721663,1326,0.7215259849908762,104.1430087121361,167.96642543283878,346.8836574052474,0.17,0.3925
easy,0.08,0.5,cvar0.5,0.5,13,1,83.05424699126466,3.0930453842963512,126.3492426763645,1347,0.7569693509722129,88.18050904662601,115.67363580720833,218.38955564555647,0.0425,0.1575
easy,0.08,0.5,cvar0.5,0.5,14,1,86.93084632531306,4.0,132.67798459096883,1287,0.7223297949531116,94.69961001822702,136.60874090363203,310.2012882776629,0.0775,0.2075
easy,0.08,0.5,cvar0.5,0.5,15,1,87.01940663772903,4.0,130.55198988463388,1361,0.7727235599886626,94.50479476451432,135.78556491340004,265.007938677297,0.07,0.19
easy,0.08,0.5,cvar0.5,0.5,16,1,81.97012897467978,4.0,122.64887300901385,1331,0.723402863019146,86.41645880466473,106.81366348501203,300.42311485226094,0.0325,0.135
easy,0.08,0.5,cvar0.5,0.5,17,1,82.58168238742572,1.9002420663661543,144.6900245017684,1325,0.7300250100088306,96.773439557713,160.52956603249362,250.74780318061113,0.15,0.38
easy,0.08,0.5,cvar0.5,0.5,18,1,84.78888052948093,4.0,127.58131870073935,1319,0.7107355290208943,90.96807414718492,126.47705089396197,238.20469617304303,0.065,0.1575
easy,0.08,0.5,cvar0.5,0.5,19,1,86.20217138739186,4.0,135.7693294864455,1321,0.7138143790070899,92.806006125938,135.91582160734475,249.4806928270553,0.075,0.185
easy,0.08,0.5,cvar0.5,0.5,20,1,83.20486915862324,4.0,128.50047139911874,1292,0.6568288339767605,91.36829255181564,131.53335192932303,438.87032246047823,0.075,0.185
easy,0.08,0.5,cvar0.5,0.5,21,1,84.38899571193909,4.0,130.78594995158613,1319,0.6697890820214525,91.6972983161866,127.95686103234438,208.12549124474592,0.075,0.22
easy,0.08,0.5,cvar0.5,0.5,22,1,82.76426968543835,2.5545680248327196,127.41210890820608,1288,0.6715989129734226,89.30807227585241,127.19876204103093,219.20600005025838,0.0625,0.1625
easy,0.08,0.5,cvar0.5,0.5,23,1,89.14621935263428,3.8243088746780254,140.68426719124187,1300,0.7287617729743943,98.09132110823474,140.32784368937428,337.65536347254584,0.1,0.245
easy,0.08,0.5,cvar0.5,0.5,24,1,88.27590383278189,4.0,134.9642661746331,1320,0.708312478964217,95.16177364427931,138.18262137363803,235.9201650155227,0.08,0.2125
easy,0.08,0.5,cvar0.5,0.5,25,1,87.0832293871299,4.0,129.57286221113324,1307,0.7358396020135842,91.67558456825913,127.49941139620371,244.91028202577456,0.0575,0.14
easy,0.08,0.5,cvar0.5,0.5,26,1,81.60062913854335,4.0,125.21818802215058,1304,0.6932774700107984,86.14503884875289,107.13358581628289,232.2343385986255,0.035,0.16
easy,0.08,0.5,cvar0.5,0.5,27,1,82.00433106137348,4.0,124.11179034070584,1322,0.7511938739917241,88.59743668707335,131.22343035425928,265.2352399073279,0.0675,0.1875
easy,0.08,0.5,cvar0.5,0.5,28,1,79.72243011135605,4.0,116.86700201742883,1316,0.6931490269489586,83.85154868525272,108.37138526396605,197.6511979634987,0.04,0.1225
easy,0.08,0.5,cvar0.5,0.5,29,1,86.10000556526408,3.3865132589054223,134.84358529411847,1335,0.7665824519935995,93.9590476905644,136.8824081539626,252.25015084432158,0.09,0.2275
easy,0.08,0.5,cvar0.5,0.5,30,1,82.14999269771435,4.0,127.38297924430864,1340,0.7089651539572515,89.29428271786726,126.82006098713745,310.49768876492465,0.0575,0.165
easy,0.08,0.5,cvar0.5,0.5,31,1,85.23066508984331,4.0,131.9453432121597,1331,0.796301977999974,93.08554206638424,134.22771032232114,319.14957339888787,0.0825,0.175
easy,0.08,0.5,cvar0.5,0.5,32,1,83.29822148623634,2.813246072179026,135.57458960675325,1310,0.7008115409989841,93.86161673696635,144.15623209945994,267.94900654579635,0.115,0.325
easy,0.08,0.5,cvar0.5,0.5,33,1,82.79139511620909,1.8341749973629762,151.55679212661914,1292,0.7620548940030858,99.840657551774,163.50369111376463,439.31336910688174,0.16,0.4
easy,0.08,0.5,cvar0.5,0.5,34,1,80.94224866702092,4.0,120.99794358530625,1352,0.7883707669680007,86.13365478207442,111.65721219680528,416.19586424512437,0.04,0.1175
easy,0.08,0.5,cvar0.5,0.5,35,1,86.85730531561471,4.0,127.92914888111709,1331,0.7011991339968517,93.66772708824473,120.87954510556818,322.768567916837,0.055,0.2075
easy,0.08,0.5,cvar0.5,0.5,36,1,86.05410913398397,3.428718943920032,140.56966035003546,1294,0.7456815649638884,95.26201935068572,136.06060816795454,285.621506364795,0.09,0.3125
easy,0.08,0.5,cvar0.5,0.5,37,1,86.24363404251028,3.8214618506268536,131.4756009623309,1309,0.7814044079859741,98.47328754747846,158.8697928295178,420.6987704791978,0.1425,0.2825
easy,0.08,0.5,cvar0.5,0.5,38,1,87.8168464396148,4.0,138.8067028091907,1271,0.737485021003522,93.98109929420403,132.66405890183822,250.1122867025868,0.065,0.18
easy,0.08,0.5,cvar0.5,0.5,39,1,89.78892727495355,3.7366480118044847,148.31726204775913,1263,0.783794506045524,103.44401899970885,169.55425590891426,335.8619562923959,0.1525,0.2625
easy,0.08,0.5,cvar0.5,0.5,40,1,86.22943493887331,4.0,131.63856157833877,1334,0.8428577080485411,93.84286521805596,143.48751263544236,253.12893998005694,0.0875,0.2325
easy,0.08,0.5,cvar0.5,0.5,41,1,84.62923511134127,3.9469385696879593,133.69640752338606,1305,0.7890358729637228,94.64972980556144,168.0669158684373,325.78227162392454,0.0925,0.22
easy,0.08,0.5,cvar0.5,0.5,42,1,82.00181617430715,1.6307070920570883,134.78928896305086,1332,0.8435011639958248,95.12668280350965,159.03568113854254,316.7347921021256,0.12,0.3325
easy,0.08,0.5,cvar0.5,0.5,43,1,82.00260865749947,4.0,124.35916294336153,1372,0.8462458829744719,86.6777595206292,114.0379592579102,267.9383982007601,0.0425,0.16
easy,0.08,0.5,cvar0.5,0.5,44,1,83.69942893062796,4.0,126.5391314256233,1330,1.0500816139974631,92.11654500741115,134.8742792682501,319.84038086886954,0.06,0.15
easy,0.08,0.5,cvar0.5,0.5,45,1,82.90771801207939,2.9476998655803044,145.08974105253898,1330,1.1648931829840876,94.05380758101559,149.9253061353245,247.54632337047585,0.125,0.2925
easy,0.08,0.5,cvar0.5,0.5,46,1,82.11445961157801,4.0,128.84505942980445,1342,1.0710114960093051,91.10622056944356,141.0539065000517,308.8648852005024,0.0925,0.2325
easy,0.08,0.5,cvar0.5,0.5,47,1,83.41245506660567,3.0850877231471614,140.009566837784,1297,0.7514773599687032,93.60441235800533,146.371477639195,245.37850444441406,0.1075,0.27
easy,0.08,0.5,cvar0.5,0.5,48,1,87.52781887880735,3.203685834193472,134.42658722098778,1354,0.8578782600234263,97.95679758457288,149.42220314478695,294.85009920197064,0.1075,0.25
easy,0.08,0.5,cvar0.5,0.5,49,1,80.81300979003339,4.0,118.91269126915905,1362,0.8069501550053246,85.45090562664576,104.10689665136886,356.3588283586903,0.0375,0.075
easy,0.08,0.5,cvar0.9,0.9,0,1,87.28845595965385,3.483652703537328,244.71377963394235,1315,0.7602036140160635,95.5227059325159,141.1627808122842,470.16994800397754,0.08,0.195
easy,0.08,0.5,cvar0.9,0.9,1,1,82.71225600655482,4.0,197.81922036246917,1312,0.6790801539900713,87.3812968811351,122.23545609039567,245.28009873525085,0.0525,0.165
easy,0.08,0.5,cvar0.9,0.9,2,1,92.04684243119499,4.0,217.96643234496705,1285,0.7623805389739573,99.59236556635202,140.79571477176626,278.1849367210651,0.0975,0.22
easy,0.08,0.5,cvar0.9,0.9,3,1,82.1435194934222,3.744084195589771,187.71051436693168,1313,0.6516268409905024,89.47117075041747,137.75544446308007,233.7486957743347,0.0775,0.2075
easy,0.08,0.5,cvar0.9,0.9,4,1,85.25770016051902,4.0,194.27288489227908,1298,0.8008663849905133,88.57623298695768,105.73297386647604,261.73127060085307,0.03,0.1325
easy,0.08,0.5,cvar0.9,0.9,5,1,89.03835777003846,2.7384499827774214,229.6331944001475,1346,0.8031793480040506,100.42004587193162,175.80890974270824,277.1803599469642,0.1275,0.2325
easy,0.08,0.5,cvar0.9,0.9,6,1,84.61506950373143,4.0,194.5752128201613,1296,0.9396088679786772,92.08438686321344,128.99737482700624,347.87256824244025,0.07,0.2125
easy,0.08,0.5,cvar0.9,0.9,7,1,91.61860174607342,4.0,213.280731897031,1328,1.043626181955915,96.0412798459041,123.85490331592655,272.65883221563905,0.06,0.1525
easy,0.08,0.5,cvar0.9,0.9,8,1,90.79623095489075,3.4109512852052974,276.7811916951667,1307,1.0596502320258878,95.98228512983218,124.81716773904867,241.59211152572075,0.0675,0.2275
easy,0.08,0.5,cvar0.9,0.9,9,1,81.67419262694692,4.0,180.2067626269284,1357,0.8908388420240954,85.8900473250763,104.44690977094402,296.167857341831,0.03,0.16
easy,0.08,0.5,cvar0.9,0.9,10,1,82.32650843629528,4.0,170.76534096149163,1326,0.6755809899768792,85.59050653449758,105.03554265750513,195.10750711627213,0.025,0.135
easy,0.08,0.5,cvar0.9,0.9,11,1,81.31564895745215,3.152535982727044,203.50025195173424,1362,0.6080870319856331,87.83084086068571,114.95142347000514,268.0025673754334,0.045,0.2675
easy,0.08,0.5,cvar0.9,0.9,12,1,93.91367585774033,3.371197666388685,270.6071987482838,1326,0.6479506429750472,105.88388962402158,153.9212587545134,455.4508931168267,0.165,0.3325
easy,0.08,0.5,cvar0.9,0.9,13,1,84.27900243253204,3.0930453842963512,201.00644710519526,1347,0.62496651802212,90.62310547306133,124.62279281274373,275.29275636580985,0.055,0.1775
easy,0.08,0.5,cvar0.9,0.9,14,1,87.91249473517168,4.0,216.7742629487537,1287,1.0835723199998029,96.38524515073142,133.8630513676605,557.5122202830624,0.0775,0.2175
easy,0.08,0.5,cvar0.9,0.9,15,1,88.03751936626972,4.0,206.14581923558592,1361,1.230891874001827,95.35836979586026,132.65630667853068,292.18622326895996,0.065,0.18
easy,0.08,0.5,cvar0.9,0.9,16,1,83.6280284652392,4.0,192.01798277901727,1331,0.9988317509996705,87.00819404325273,104.70103040187155,200.14425927832391,0.04,0.1425
easy,0.08,0.5,cvar0.9,0.9,17,1,95.91338437751719,4.0,248.7759916736042,1325,1.0045987520134076,102.3107603551192,135.63339054604634,239.81879768787223,0.0775,0.205
easy,0.08,0.5,cvar0.9,0.9,18,1,87.24170577629995,4.0,197.37823763338008,1319,0.9223222830332816,91.37358328818216,121.60719279817303,240.15460697092288,0.055,0.1575
easy,0.08,0.5,cvar0.9,0.9,19,1,91.87888488695633,4.0,222.11973810768862,1321,1.0207266880315728,97.21864896046645,129.4476201239018,390.5135453397627,0.075,0.155
easy,0.08,0.5,cvar0.9,0.9,20,1,84.1134454782019,4.0,209.46926359947622,1292,0.8151161299902014,91.48860242083687,123.10897031944242,474.27615995343706,0.065,0.1975
easy,0.08,0.5,cvar0.9,0.9,21,1,85.82232218725683,4.0,221.96923222379175,1319,0.9785291560110636,94.42967578618139,134.2107088882299,312.82512660299136,0.0825,0.215
easy,0.08,0.5,cvar0.9,0.9,22,1,83.39141772549274,2.5545680248327196,204.87625316692993,1288,0.727343080972787,92.07351187971992,138.6170858308751,320.3354189708798,0.08,0.15
easy,0.08,0.5,cvar0.9,0.9,23,1,91.90103464472197,4.0,225.90021397508377,1300,0.6832413399824873,99.23681425124873,145.56394476643365,262.32772902878116,0.1025,0.1725
easy,0.08,0.5,cvar0.9,0.9,24,1,93.94291550238887,4.0,219.13496482927562,1320,0.6689133070176467,99.95526672503391,132.45896160343207,296.4353282037326,0.085,0.2025
easy,0.08,0.5,cvar0.9,0.9,25,1,90.08001650111194,4.0,204.34579359832802,1307,0.7081006289809011,94.84559896806154,123.90079584440515,265.6113529055655,0.055,0.165
easy,0.08,0.5,cvar0.9,0.9,26,1,85.97561088883084,4.0,197.93904605419297,1304,0.9075304730213247,90.35811024677642,114.83533876078597,307.1733100889679,0.0425,0.105
easy,0.08,0.5,cvar0.9,0.9,27,1,82.3081382780285,4.0,197.3489658900287,1322,0.9513080309843644,88.08755429904333,126.20222381595691,264.78638820722847,0.06,0.165
easy,0.08,0.5,cvar0.9,0.9,28,1,80.64901534492613,4.0,172.97973552790694,1316,1.0054717629682273,85.4223869952337,110.67642726813985,218.4491756919631,0.04,0.1425
easy,0.08,0.5,cvar0.9,0.9,29,1,86.67236391086011,3.4801675937541443,226.62038562419605,1335,1.0816937490017153,94.07485255379757,139.50187265877267,269.0578922878632,0.0925,0.2025
easy,0.08,0.5,cvar0.9,0.9,30,1,83.53561403930723,4.0,212.64196127037022,1340,0.6986565869883634,89.98603260896618,119.63696967069754,294.1405607998292,0.0525,0.18
easy,0.08,0.5,cvar0.9,0.9,31,1,89.14106938333596,4.0,213.62079725342107,1331,0.6875544619979337,97.26507169964775,138.42263804572931,271.5530846889553,0.0675,0.1725
easy,0.08,0.5,cvar0.9,0.9,32,1,85.4025611198949,2.9261540961868784,239.96230053001736,1310,0.6905127540230751,98.22041333707838,156.43339737086828,403.11298607808965,0.1175,0.335
easy,0.08,0.5,cvar0.9,0.9,33,1,97.01801282233593,2.612412324150304,293.5910772115561,1292,0.6251773769618012,107.5664023904522,160.9374417992549,410.05175160839076,0.1475,0.2475
easy,0.08,0.5,cvar0.9,0.9,34,1,82.4034454323052,4.0,189.81189521210095,1352,0.7012119980063289,86.79979958988373,113.68194593880017,205.03471574951203,0.04,0.145
easy,0.08,0.5,cvar0.9,0.9,35,1,88.31146330242534,4.0,187.27588276168515,1331,0.7207188800093718,94.35039436371957,124.04812594878344,326.5770291850916,0.0625,0.215
easy,0.08,0.5,cvar0.9,0.9,36,1,87.55699673684568,3.428718943920032,250.4898986690041,1294,0.9296943079680204,96.94080949745279,139.38307627044387,358.6281178758039,0.0825,0.3025
easy,0.08,0.5,cvar0.9,0.9,37,1,89.89488745386109,4.0,211.7294590886126,1309,0.9905731420149095,99.49929360074239,160.9689048459373,369.07625744706104,0.1175,0.2325
easy,0.08,0.5,cvar0.9,0.9,38,1,89.7650190737046,4.0,234.499715707142,1271,0.6626786320121028,94.36181205660463,119.33387179236784,323.2903496064785,0.055,0.1625
easy,0.08,0.5,cvar0.9,0.9,39,1,92.89918633023366,3.7366480118044847,263.10309736647065,1263,0.6768784819869325,102.85032377080667,143.95586226315737,336.37066982139197,0.12,0.2
easy,0.08,0.5,cvar0.9,0.9,40,1,89.66805414577938,4.0,216.5688444382673,1334,0.665395907999482,97.73892290305488,142.42164388657966,370.660548989457,0.0725,0.2175
easy,0.08,0.5,cvar0.9,0.9,41,1,88.72306222988848,3.9469385696879593,224.38795638757094,1305,0.6714379289769568,96.65184534534113,143.03378111777198,431.14339160570796,0.0975,0.185
easy,0.08,0.5,cvar0.9,0.9,42,1,89.07690899182293,4.0,223.44161111251964,1332,0.6193365160143003,95.90444607640895,132.340218842256,324.1559263695086,0.07,0.16
easy,0.08,0.5,cvar0.9,0.9,43,1,85.76123999159016,4.0,192.2774744507278,1372,0.7092999659944326,88.23028484743247,105.73719913008223,167.36553273386806,0.0275,0.115
easy,0.08,0.5,cvar0.9,0.9,44,1,86.09909466414565,4.0,199.9260667801655,1330,0.7416293449932709,92.84451706097956,119.93039154650234,288.00948679051834,0.0525,0.17
easy,0.08,0.5,cvar0.9,0.9,45,1,100.26191389408429,4.0,284.74666519815804,1330,0.7758480759803206,108.24845203554162,153.60446870695245,342.8080086610737,0.14,0.185
easy,0.08,0.5,cvar0.9,0.9,46,1,85.88914835869087,4.0,202.93579228364024,1342,0.7629358990234323,92.27493253145927,140.67536453523155,230.14266751018314,0.075,0.18
easy,0.08,0.5,cvar0.9,0.9,47,1,88.16885652765677,3.242406937106444,252.96799950033957,1297,0.7122951369965449,95.3856336953831,133.99777377974686,259.8310695128493,0.0725,0.26
easy,0.08,0.5,cvar0.9,0.9,48,1,87.7833024805478,3.203685834193472,220.45236227237632,1354,0.688890466990415,96.04808036891973,140.36614371480394,338.6716411510287,0.0825,0.2225
easy,0.08,0.5,cvar0.9,0.9,49,1,82.20891480452045,4.0,176.53198986559187,1362,0.8130801320075989,84.71220302217301,101.44527995184254,169.72855963347368,0.015,0.06
hard,0.26,0.01,rrtstar,,0,1,80.26128336893979,0.003668331973508021,80.26128336893979,1063,0.15752834198065102,81.10344009021748,83.81783877183521,88.98863178151072,0.0,0.5825
hard,0.26,0.01,rrtstar,,1,1,81.73939522551508,0.3447202572100463,81.73939522551508,1067,0.16403704398544505,82.80200499570941,85.44371070769738,90.5880585436642,0.0,0.7075
hard,0.26,0.01,rrtstar,,2,1,81.2683358201402,0.04660107158871529,81.26833582014021,998,0.1504881750443019,82.38517863003646,85.03190216754349,88.15331373140576,0.0,0.715
hard,0.26,0.01,rrtstar,,3,1,80.22587453543257,0.08982992866575179,80.22587453543255,1006,0.16446995298611,81.25215656339698,84.20951019644731,89.96943280536472,0.0,0.69
hard,0.26,0.01,rrtstar,,4,1,80.52182888662979,0.03217671214858653,80.52182888662979,1034,0.15938253700733185,81.50257926756638,83.9626342732305,87.73319588326781,0.0,0.715
hard,0.26,0.01,rrtstar,,5,1,80.40529761340437,0.020545648989911403,80.40529761340439,1071,0.16828119702404365,81.52239740296245,84.33711727924994,88.5649775008712,0.0,0.7
hard,0.26,0.01,rrtstar,,6,1,81.70901036551298,0.006382150716723434,81.70901036551295,1063,0.16931664402363822,83.11898670206273,86.59875187942782,92.43876507114503,0.0,0.8
hard,0.26,0.01,rrtstar,,7,1,82.54253159430368,0.05544108234067524,82.54253159430367,950,0.15553393197478727,83.78553224924678,86.77227162439024,91.91144880381337,0.0,0.7675
hard,0.26,0.01,rrtstar,,8,1,82.34878511643308,0.01733785896722928,82.34878511643308,1054,0.16968734399415553,83.5436228639126,86.02693987819882,89.26311431463301,0.0,0.8225
hard,0.26,0.01,rrtstar,,9,1,80.72476636025351,0.36345887601260474,80.7247663602535,1075,0.16866755700903013,81.85565225684779,84.86383874556702,89.85756040747077,0.0,0.6825
hard,0.26,0.01,rrtstar,,10,1,81.7640794228919,0.024191338615435765,81.76407942289188,960,0.15406280104070902,83.23742855449568,86.06143530392792,90.25731870825486,0.0,0.8575
hard,0.26,0.01,rrtstar,,11,1,82.88994114050935,0.14523382416621144,82.88994114050935,1080,0.16730388900032267,84.05015488794697,86.87115912684794,91.79873521959124,0.0,0.755
hard,0.26,0.01,rrtstar,,12,1,81.53188754054231,0.04833697328597486,81.5318875405423,1083,0.16826860303990543,82.99680736686093,86.41779525118555,89.86340163698263,0.0,0.8725
hard,0.26,0.01,rrtstar,,13,1,81.57213516016044,0.02734463280275934,81.57213516016044,1070,0.16302827798062935,82.78126368562567,85.95219681104751,89.90675056370362,0.0,0.805
hard,0.26,0.01,rrtstar,,14,1,84.07673300919133,0.16798997909191993,84.07673300919133,1071,0.1600708980113268,85.2225392177411,87.7546776255215,92.34318177334264,0.0,0.7525
hard,0.26,0.01,rrtstar,,15,1,85.49765482713116,0.11059991835458316,85.49765482713116,1050,0.16342817299300805,87.08633975288188,90.4802846634711,95.51139223948846,0.0,0.8275
hard,0.26,0.01,rrtstar,,16,1,81.40547189845101,0.03636023765494034,81.40547189845101,1073,0.17003034299705178,82.79221911779123,86.01738926319486,90.10305697321837,0.0,0.82
hard,0.26,0.01,rrtstar,,17,1,83.88173079297863,0.1361392613130108,83.8817307929786,1065,0.1650195120018907,85.07916147787373,87.82207284214248,91.24483011369773,0.0,0.76
hard,0.26,0.01,rrtstar,,18,1,82.20443071376017,0.31850986861948405,82.20443071376016,1154,0.17930638598045334,83.3786760083921,86.13237661998475,91.49580414415638,0.0,0.765
hard,0.26,0.01,rrtstar,,19,1,80.25483406675356,0.039907282072165096,80.25483406675356,1048,0.16665611404459924,81.10117634240741,83.37532345230508,88.38317801993963,0.0,0.66
hard,0.26,0.01,rrtstar,,20,1,80.85734534634419,0.26270124056919864,80.8573453463442,1051,0.2720874529913999,81.68324259478472,84.15969292794192,86.91460677333704,0.0,0.6375
hard,0.26,0.01,rrtstar,,21,1,79.77833359251667,0.20018141214256557,79.77833359251666,1103,0.2817513989866711,80.59851495119888,83.01590390413266,89.53154150169658,0.0,0.6425
hard,0.26,0.01,rrtstar,,22,1,80.0456644137755,0.036928452076827156,80.0456644137755,1066,0.28068605600856245,81.42082706878905,84.73811353548491,89.56612627464516,0.0,0.7475
hard,0.26,0.01,rrtstar,,23,1,80.85642423357702,0.0407018259366283,80.85642423357699,1072,0.27042090200120583,82.15793769730143,85.19946216689489,89.65468137772807,0.0,0.7675
hard,0.26,0.01,rrtstar,,24,1,83.92767003364796,0.026576683530807,83.92767003364797,1033,0.1499935800093226,85.58802104995641,89.41129057904861,96.85053202032447,0.0,0.875
hard,0.26,0.01,rrtstar,,25,1,79.67940716314781,0.21130133354182568,79.67940716314781,1008,0.15462894103256986,80.73503350641442,83.26136352990015,87.47877699074127,0.0,0.7725
hard,0.26,0.01,rrtstar,,26,1,82.4945790372651,0.29178701855983036,82.4945790372651,1020,0.1612623399705626,83.54671050606417,86.21637844492514,91.49205731061286,0.0,0.67
hard,0.26,0.01,rrtstar,,27,1,81.86430324033404,0.04431291648540059,81.86430324033401,1046,0.15573840896831825,82.95992258681123,85.69039249088762,90.74686334122921,0.0,0.6975
hard,0.26,0.01,rrtstar,,28,1,79.97645289291728,0.047155528808809244,79.97645289291727,1064,0.1680483459495008,81.21687784971316,84.84044803628626,91.15140261559756,0.0,0.7125
hard,0.26,0.01,rrtstar,,29,1,80.81218799695247,0.0554286348892572,80.81218799695246,1047,0.17190138902515173,82.1522181790346,84.99234236896002,89.04900620595419,0.0,0.8175
hard,0.26,0.01,rrtstar,,30,1,80.89425178977959,0.12301859081235156,80.89425178977957,1102,0.1807882779976353,82.38522316826571,85.58121326516745,90.84763038380635,0.0,0.845
hard,0.26,0.01,rrtstar,,31,1,81.37548518155045,0.03766064513335898,81.37548518155045,1063,0.17122819798532873,82.61492925063823,85.46899319013346,88.92321616327557,0.0,0.77
hard,0.26,0.01,rrtstar,,32,1,80.87569119517617,0.07198557311562381,80.87569119517619,1101,0.17908506898675114,82.01157672404379,84.6636748964192,89.55540036876286,0.0,0.8075
hard,0.26,0.01,rrtstar,,33,1,82.9065279464248,0.20430017665884037,82.90652794642479,1037,0.16704821703024209,84.27013645501988,87.5158997551668,90.5548467278279,0.0,0.805
hard,0.26,0.01,rrtstar,,34,1,81.1760698709675,0.026758683371987724,81.1760698709675,1073,0.17241880798246711,82.06145767157153,84.53391576715451,88.59556649278089,0.0,0.655
hard,0.26,0.01,rrtstar,,35,1,85.85755459276815,0.23077608610420564,85.85755459276815,1084,0.17465159797575325,86.98839710647216,90.07499134996509,94.10655693542952,0.0,0.6675
hard,0.26,0.01,rrtstar,,36,1,89.93995787496925,0.07199831381771382,89.93995787496927,993,0.1538311630138196,91.3114400665435,94.37533193155917,99.69593765610806,0.0,0.7775
hard,0.26,0.01,rrtstar,,37,1,83.93732585955998,0.011783072940765082,83.93732585955999,1052,0.1737836670363322,85.27324302435933,88.57438201938584,91.85495353013805,0.0,0.77
hard,0.26,0.01,rrtstar,,38,1,81.65661693265653,0.02557108441548772,81.65661693265653,1050,0.16536220896523446,82.72093845889772,86.05887235440652,91.14524712559873,0.0,0.745
hard,0.26,0.01,rrtstar,,39,1,80.36692873524333,0.004673721393169572,80.36692873524332,1079,0.17232818598859012,81.66909828257451,84.76353740449873,92.27874003250345,0.0,0.81
hard,0.26,0.01,rrtstar,,40,1,84.08242699619535,0.0038660621434205567,84.08242699619534,1050,0.16297256300458685,85.50954926041122,88.29800178655698,96.30411511964117,0.0,0.8775
hard,0.26,0.01,rrtstar,,41,1,80.0640955080935,0.027673509132873697,80.06409550809349,1052,0.16463011602172628,81.5470910255614,84.28134061169366,88.76308127402424,0.0,0.825
hard,0.26,0.01,rrtstar,,42,1,81.17351999586434,0.08278087566574976,81.17351999586434,1070,0.1617429880425334,82.49421084153113,85.8774663351891,90.61772268289786,0.0,0.8125
hard,0.26,0.01,rrtstar,,43,1,81.15174958506091,0.3056976426739726,81.15174958506093,1028,0.1633902419707738,82.14295144710475,84.89884353278518,91.02047100642193,0.0,0.7
hard,0.26,0.01,rrtstar,,44,1,79.73575395667021,0.17359066527051414,79.73575395667021,1056,0.173969098017551,80.91688783812604,83.7914637453424,89.48040918851432,0.0,0.74
hard,0.26,0.01,rrtstar,,45,1,88.94997598176346,0.1661431371861397,88.94997598176344,1002,0.16801276901969686,90.44527688833425,93.59334275986262,99.09050051010698,0.0,0.7875
hard,0.26,0.01,rrtstar,,46,1,82.38467260769474,0.10418592738858301,82.38467260769474,1054,0.1723419720074162,83.55891834487782,86.23639061724596,90.99587289811248,0.0,0.815
hard,0.26,0.01,rrtstar,,47,1,81.2603832734892,0.008449492440629314,81.26038327348921,1010,0.16774637601338327,82.48797116642766,85.39033174667182,89.68700434236881,0.0,0.7925
hard,0.26,0.01,rrtstar,,48,1,80.01470879251856,0.25914045018062204,80.01470879251858,1051,0.262660593027249,81.07047570087155,84.41976247240905,88.7117760099535,0.0,0.7025
hard,0.26,0.01,rrtstar,,49,1,79.89285056833695,0.1016655962939983,79.89285056833694,1117,0.26216930500231683,80.8971969798745,83.56980743994403,89.00883871989998,0.0,0.6675
hard,0.26,0.01,neutral,0.0,0,1,80.26128336893979,0.003668331973508021,81.21955587915457,1063,0.42525863798800856,81.10344009021748,83.81783877183521,88.98863178151072,0.0,0.5825
hard,0.26,0.01,neutral,0.0,1,1,81.74725926322829,0.3804950422607769,82.72953101902422,1067,0.4421405379544012,82.7294567174591,84.90266380054999,87.32808130796346,0.0,0.785
hard,0.26,0.01,neutral,0.0,2,1,81.35942213058404,0.5156671372518766,82.18808860280264,998,0.26310773903969675,82.39612846837474,85.61964969075702,88.05326693323235,0.0,0.6925
hard,0.26,0.01,neutral,0.0,3,1,80.53876408381234,0.08982992866575179,81.59370573294751,1006,0.28706887003500015,81.58108100085252,84.54846252575865,88.06158560213137,0.0,0.7125
hard,0.26,0.01,neutral,0.0,4,1,80.55128388488392,0.03217671214858653,81.51860772671267,1034,0.2836857149959542,81.53668327714435,84.04021665786377,87.64738942111761,0.0,0.7475
hard,0.26,0.01,neutral,0.0,5,1,80.47040248855375,0.27073678877611584,81.40247666472337,1071,0.31064179801614955,81.4188312483357,84.14139678525933,88.6207110873033,0.0,0.705
hard,0.26,0.01,neutral,0.0,6,1,81.72116546362372,0.006382150716723434,82.85934178989834,1063,0.3110377370030619,83.01316978477358,85.99334098938967,90.43486131184227,0.0,0.795
hard,0.26,0.01,neutral,0.0,7,1,82.35781469751156,0.6809888296489219,82.9829753381427,950,0.24683586100582033,83.26131070254745,85.76727463862412,88.484172069525,0.0,0.6925
hard,0.26,0.01,neutral,0.0,8,1,82.58582166426564,0.0630305302488543,83.78634897138467,1054,0.2968760780058801,83.4757316543697,85.84276650517202,89.26151246734753,0.0,0.7675
hard,0.26,0.01,neutral,0.0,9,1,80.91126141786195,0.5828269467420828,81.85925040530195,1075,0.29323757998645306,81.87625908205078,84.51359806922417,89.42543715245799,0.0,0.6825
hard,0.26,0.01,neutral,0.0,10,1,81.76755898566712,0.024191338615435765,83.15134713936679,960,0.24618608300806955,83.1873454144361,86.21911173963029,89.2694193208309,0.0,0.84
hard,0.26,0.01,neutral,0.0,11,1,82.94846508801272,0.14523382416621144,83.87143758949105,1080,0.28290819603716955,83.96670506371265,86.47748801453169,91.44183607966094,0.0,0.745
hard,0.26,0.01,neutral,0.0,12,1,81.57583247206716,0.05896949726564449,82.91723831241745,1083,0.31236184999579564,82.85986568243936,85.413805081616,89.42664568232925,0.0,0.885
hard,0.26,0.01,neutral,0.0,13,1,81.56983369936812,0.02734463280275934,82.48419584345581,1070,0.29375002899905667,82.60614466326335,85.19648672685685,88.36554032465583,0.0,0.8125
hard,0.26,0.01,neutral,0.0,14,1,84.07674979553371,0.16798997909191993,85.17002734583131,1071,0.2723118270514533,85.12306568822176,87.68759121534775,92.84927503108221,0.0,0.765
hard,0.26,0.01,neutral,0.0,15,1,85.6286666729645,0.11059991835458316,86.89326985131356,1050,0.2821101569570601,87.01380445148705,89.7071516463204,92.92469109438767,0.0,0.8675
hard,0.26,0.01,neutral,0.0,16,1,81.26648961604161,0.03636023765494034,82.72356679825089,1073,0.3102468420402147,82.57443937940393,85.83317753309016,89.26789900432688,0.0,0.7925
hard,0.26,0.01,neutral,0.0,17,1,83.80769900647613,0.1361392613130108,85.0978197370207,1065,0.2845651079551317,84.95179085639197,87.72058872802444,90.82720542699944,0.0,0.79
hard,0.26,0.01,neutral,0.0,18,1,82.1349180339593,0.31850986861948405,83.16738540521791,1154,0.45689115999266505,83.3041653948517,86.06333049876704,91.42743198902477,0.0,0.765
hard,0.26,0.01,neutral,0.0,19,1,80.26060778542059,0.039907282072165096,81.06047417482912,1048,0.4013646839885041,81.07753237608094,83.30877292014311,86.35105313266094,0.0,0.67
hard,0.26,0.01,neutral,0.0,20,1,80.94578180791409,0.6945397312605062,81.73306395419102,1051,0.3892767149955034,81.62305691837413,83.83086887318368,86.43750254798958,0.0,0.5525
hard,0.26,0.01,neutral,0.0,21,1,79.7799154424865,0.20018141214256557,80.5350746908899,1103,0.424173777049873,80.54848621967291,82.70399157647263,86.6793261662353,0.0,0.645
hard,0.26,0.01,neutral,0.0,22,1,80.10262276127267,0.034528993203575276,81.30818740597317,1066,0.27520917303627357,81.23583961210313,83.74281715969835,87.81891639938276,0.0,0.78
hard,0.26,0.01,neutral,0.0,23,1,80.95077532795891,0.0407018259366283,81.87989029209446,1072,0.316653372021392,81.91256820233104,84.3433996464771,88.6191859544011,0.0,0.77
hard,0.26,0.01,neutral,0.0,24,1,84.05335499931383,0.1037649877818767,85.31822747078718,1033,0.25731806497788057,85.32033117810701,88.30165609072557,92.66994813330236,0.0,0.8575
hard,0.26,0.01,neutral,0.0,25,1,79.73802278612125,0.21130133354182568,80.74662554953636,1008,0.24335307796718553,80.70369713022832,83.1701429067325,89.30617403992116,0.0,0.7575
hard,0.26,0.01,neutral,0.0,26,1,82.50567431673774,0.29178701855983036,83.55723870745715,1020,0.27154863404575735,83.49472284518676,86.38485975911657,90.89222599619167,0.0,0.755
hard,0.26,0.01,neutral,0.0,27,1,81.87120055919277,0.17224921978346375,82.84268606431252,1046,0.2865007260115817,82.9452244747359,85.73403024675062,90.3207579532379,0.0,0.7325
hard,0.26,0.01,neutral,0.0,28,1,80.04193549670188,0.3411854112341821,81.02501368263944,1064,0.2870805530110374,81.06790021074318,84.28114572186331,88.32223859349044,0.0,0.685
hard,0.26,0.01,neutral,0.0,29,1,80.82170685610767,0.23602541505897534,82.08766875750703,1047,0.2789215809898451,82.15676084700674,84.79987100506713,88.7899212117453,0.0,0.8625
hard,0.26,0.01,neutral,0.0,30,1,80.90682676770109,0.12301859081235156,82.36092228433404,1102,0.31245104799745604,82.44179988674452,85.41832577228837,89.20449518762993,0.0,0.9
hard,0.26,0.01,neutral,0.0,31,1,81.46660882296601,0.03766064513335898,82.49193715272487,1063,0.2936071589938365,82.43959806349352,84.67844970238419,86.64200452531408,0.0,0.76
hard,0.26,0.01,neutral,0.0,32,1,80.88172315591345,0.07198557311562381,82.06304193582065,1101,0.4344625759986229,82.0363186882157,84.67849599907194,89.16161719163941,0.0,0.8075
hard,0.26,0.01,neutral,0.0,33,1,82.92268673821016,0.20430017665884037,84.02887161424692,1037,0.3399240979924798,84.0553460605922,86.83355320342027,89.2458290985348,0.0,0.785
hard,0.26,0.01,neutral,0.0,34,1,81.28147632920663,0.5421555825167381,81.92737028345189,1073,0.2858272830490023,82.04060748607907,84.38260367991002,88.94330878618749,0.0,0.5925
hard,0.26,0.01,neutral,0.0,35,1,85.91013768077072,0.23077608610420564,86.70036163120115,1084,0.2936264550080523,86.7294659611723,88.84163608478386,95.13732521770754,0.0,0.64
hard,0.26,0.01,neutral,0.0,36,1,89.95300337836416,0.06655548523487331,91.40461982791933,993,0.24932718102354556,91.42753915821223,94.4674608867739,99.36727349573175,0.0,0.835
hard,0.26,0.01,neutral,0.0,37,1,83.95877825824074,0.011783072940765082,85.17962886001209,1052,0.29616918199462816,85.18170338613729,88.17381609441325,91.95462490296993,0.0,0.74
hard,0.26,0.01,neutral,0.0,38,1,81.68065096056937,0.02557108441548772,82.73110725009892,1050,0.258156229974702,82.77224374241842,85.72789894012078,90.89803311125875,0.0,0.745
hard,0.26,0.01,neutral,0.0,39,1,80.39402683058096,0.004673721393169572,81.69756218752215,1079,0.2786830390105024,81.71182568466376,84.68033247084858,89.81930364645216,0.0,0.825
hard,0.26,0.01,neutral,0.0,40,1,84.08256267674207,0.019850653397890383,85.20055957329119,1050,0.2758837880101055,85.37613852166123,88.19187426980587,91.98400395179277,0.0,0.865
hard,0.26,0.01,neutral,0.0,41,1,80.13170624007472,0.027673509132873697,81.4091207541327,1052,0.29093146201921627,81.58785848304518,84.99285728239755,88.57165555978017,0.0,0.865
hard,0.26,0.01,neutral,0.0,42,1,81.17386103651944,0.08278087566574976,82.40082135343367,1070,0.4085612670169212,82.34441891731254,84.6560896618263,87.16926355282735,0.0,0.815
hard,0.26,0.01,neutral,0.0,43,1,81.15457997470429,0.3056976426739726,82.05335211245142,1028,0.40733636199729517,82.13791360685723,84.64639442398328,89.26430501119927,0.0,0.7175
hard,0.26,0.01,neutral,0.0,44,1,79.79416590199352,0.17359066527051414,80.87369038901883,1056,0.42569150700001046,80.91372855883941,83.5002417218333,85.78876850071671,0.0,0.7625
hard,0.26,0.01,neutral,0.0,45,1,88.99990722121781,0.5769659391080029,90.39328064305809,1002,0.38842730899341404,90.39547576483828,93.74568273200305,97.65844017456119,0.0,0.77
hard,0.26,0.01,neutral,0.0,46,1,82.35665349405294,0.3161004583449407,83.25809295435258,1054,0.27719465602422133,83.47163341102609,86.28025062856238,89.18605853742915,0.0,0.8225
hard,0.26,0.01,neutral,0.0,47,1,81.39254753150604,0.05986853377862822,82.72874168161242,1010,0.26498848298797384,82.59061505304655,85.27688263039525,88.4863544905933,0.0,0.755
hard,0.26,0.01,neutral,0.0,48,1,80.07415278309061,0.6088211869951916,80.93341718237059,1051,0.2694845820078626,81.00055625985901,83.68907645449148,87.21180857829725,0.0,0.6975
hard,0.26,0.01,neutral,0.0,49,1,80.06571838080663,0.14767370364084975,80.95504367690845,1117,0.2907539660227485,80.93961136857718,83.85593847334182,93.84238616970977,0.0,0.6475
hard,0.26,0.01,cvar0.1,0.1,0,1,80.26128336893979,0.003668331973508021,81.47374942092955,1063,0.531217853014823,81.10344009021748,83.81783877183521,88.98863178151072,0.0,0.5825
hard,0.26,0.01,cvar0.1,0.1,1,1,81.74725926322829,0.3804950422607769,82.99110954009163,1067,0.5850256410194561,82.7294567174591,84.90266380054999,87.32808130796346,0.0,0.785
hard,0.26,0.01,cvar0.1,0.1,2,1,81.35942213058404,0.5156671372518766,82.4389905382986,998,0.49230152304517105,82.39612846837474,85.61964969075702,88.05326693323235,0.0,0.6925
hard,0.26,0.01,cvar0.1,0.1,3,1,80.54027795574005,0.08982992866575179,81.86898868419067,1006,0.5709117730148137,81.46041261381137,84.0497244472772,88.34406468210786,0.0,0.7025
hard,0.26,0.01,cvar0.1,0.1,4,1,80.55128388488392,0.03217671214858653,81.78007505219253,1034,0.5297514809644781,81.53668327714435,84.04021665786377,87.64738942111761,0.0,0.7475
hard,0.26,0.01,cvar0.1,0.1,5,1,80.47040248855375,0.27073678877611584,81.65689339482014,1071,0.4804634469910525,81.4188312483357,84.14139678525933,88.6207110873033,0.0,0.705
hard,0.26,0.01,cvar0.1,0.1,6,1,81.72116546362372,0.006382150716723434,83.13994691067666,1063,0.5335549910087138,83.01316978477358,85.99334098938967,90.43486131184227,0.0,0.795
hard,0.26,0.01,cvar0.1,0.1,7,1,82.35781469751156,0.6809888296489219,83.20648990259615,950,0.3814426169847138,83.26131070254745,85.76727463862412,88.484172069525,0.0,0.6925
hard,0.26,0.01,cvar0.1,0.1,8,1,82.58582166426564,0.0630305302488543,84.074788004912,1054,0.7116372140008025,83.4757316543697,85.84276650517202,89.26151246734753,0.0,0.7675
hard,0.26,0.01,cvar0.1,0.1,9,1,80.91126141786195,0.5828269467420828,82.11366844566335,1075,0.7229372229776345,81.7248124883985,84.07176896632099,87.17455936853247,0.0,0.6775
hard,0.26,0.01,cvar0.1,0.1,10,1,81.76958580774564,0.024191338615435765,83.45899536857142,960,0.5012428339687176,83.14438903789643,86.14940606381138,91.97106901512952,0.0,0.865
hard,0.26,0.01,cvar0.1,0.1,11,1,82.94846508801272,0.14523382416621144,84.1327663751718,1080,0.6574293290032074,83.96670506371265,86.47748801453169,91.44183607966094,0.0,0.745
hard,0.26,0.01,cvar0.1,0.1,12,1,81.5786445381409,0.05896949726564449,83.22055201305888,1083,0.507836117001716,82.86028393299264,85.52595746515313,88.98076315280794,0.0,0.885
hard,0.26,0.01,cvar0.1,0.1,13,1,81.5897328589645,0.02734463280275934,82.76658472729085,1070,0.581877980963327,82.62761819866353,85.30036147924771,89.00374824769796,0.0,0.8125
hard,0.26,0.01,cvar0.1,0.1,14,1,84.07674979553371,0.16798997909191993,85.452543900475,1071,0.4324983630212955,85.12306568822176,87.68759121534775,92.84927503108221,0.0,0.765
hard,0.26,0.01,cvar0.1,0.1,15,1,85.82509744133112,0.11059991835458316,87.26815921884558,1050,0.49512074200902134,87.07980199920468,89.7246685778095,94.80526752559402,0.0,0.85
hard,0.26,0.01,cvar0.1,0.1,16,1,81.28777410861845,0.03636023765494034,83.05142744818963,1073,0.6339235579944216,82.73444274626077,86.0697732667367,88.65865047985557,0.0,0.8175
hard,0.26,0.01,cvar0.1,0.1,17,1,83.80769900647613,0.1361392613130108,85.40417497014593,1065,0.5432319619576447,84.99837203716464,87.73113918886636,91.27176528119529,0.0,0.7875
hard,0.26,0.01,cvar0.1,0.1,18,1,82.1349180339593,0.31850986861948405,83.43816754026149,1154,0.6443093200214207,83.41375412713639,86.70690463001968,93.05321019689372,0.0,0.785
hard,0.26,0.01,cvar0.1,0.1,19,1,80.25545565257815,0.039907282072165096,81.28913126429003,1048,0.5606855030055158,81.100574120108,83.34126831334248,88.38567635917912,0.0,0.66
hard,0.26,0.01,cvar0.1,0.1,20,1,80.94578180791409,0.6945397312605062,81.97336698133427,1051,0.5727212530327961,81.62305691837413,83.83086887318368,86.43750254798958,0.0,0.5525
hard,0.26,0.01,cvar0.1,0.1,21,1,79.7799154424865,0.20018141214256557,80.77644586690039,1103,0.6470978909637779,80.54848621967291,82.70399157647263,86.6793261662353,0.0,0.645
hard,0.26,0.01,cvar0.1,0.1,22,1,80.10410500477636,0.034528993203575276,81.6107388749961,1066,0.6099232630222104,81.26684970897777,83.78116029096395,88.9215799250063,0.0,0.7875
hard,0.26,0.01,cvar0.1,0.1,23,1,80.95077532795891,0.0407018259366283,82.13553467508058,1072,0.6660215909942053,81.91256820233104,84.3433996464771,88.6191859544011,0.0,0.77
hard,0.26,0.01,cvar0.1,0.1,24,1,84.05335499931383,0.1037649877818767,85.62060563751704,1033,0.4729069840395823,85.32033117810701,88.30165609072557,92.66994813330236,0.0,0.8575
hard,0.26,0.01,cvar0.1,0.1,25,1,79.73897211886802,0.21130133354182568,81.0092614269915,1008,0.5143650569953024,80.84819667774809,83.56389406374183,88.09809291168553,0.0,0.81
hard,0.26,0.01,cvar0.1,0.1,26,1,82.51596349149114,0.29178701855983036,83.82154698978212,1020,0.7848985530436039,83.46184400730586,85.52545580311741,90.5974994160477,0.0,0.7825
hard,0.26,0.01,cvar0.1,0.1,27,1,81.87120055919277,0.17224921978346375,83.10835526118726,1046,0.6583319850033149,82.9452244747359,85.73403024675062,90.3207579532379,0.0,0.7325
hard,0.26,0.01,cvar0.1,0.1,28,1,80.04193549670188,0.3411854112341821,81.28744657498378,1064,0.6073492469731718,81.06790021074318,84.28114572186331,88.32223859349044,0.0,0.685
hard,0.26,0.01,cvar0.1,0.1,29,1,80.82170685610767,0.23602541505897534,82.3770734873385,1047,0.4815009980229661,82.15676084700674,84.79987100506713,88.7899212117453,0.0,0.8625
hard,0.26,0.01,cvar0.1,0.1,30,1,80.90682676770109,0.12301859081235156,82.67976126118057,1102,0.5249482830404304,82.44256484993468,85.45223391576384,91.31974227038448,0.0,0.9
hard,0.26,0.01,cvar0.1,0.1,31,1,81.46660882296601,0.03766064513335898,82.7670387055973,1063,0.5495099890395068,82.43959806349352,84.67844970238419,86.64200452531408,0.0,0.76
hard,0.26,0.01,cvar0.1,0.1,32,1,80.94028557521429,0.07198557311562381,82.35220937375556,1101,0.6267373450100422,82.0741884417238,84.92484030482942,89.59803430461909,0.0,0.775
hard,0.26,0.01,cvar0.1,0.1,33,1,82.92268673821016,0.20430017665884037,84.3113709607735,1037,0.5838745959918015,84.0553460605922,86.83355320342027,89.2458290985348,0.0,0.785
hard,0.26,0.01,cvar0.1,0.1,34,1,81.28147632920663,0.5421555825167381,82.16604695012076,1073,0.6080901180393994,82.04060748607907,84.38260367991002,88.94330878618749,0.0,0.5925
hard,0.26,0.01,cvar0.1,0.1,35,1,85.90150635523327,0.23077608610420564,86.92770094782794,1084,0.62186529597966,86.69588622238685,88.85413455449373,95.16314687470019,0.0,0.635
hard,0.26,0.01,cvar0.1,0.1,36,1,89.95300337836416,0.06655548523487331,91.74003521164266,993,0.6366673250449821,91.42753915821223,94.4674608867739,99.36727349573175,0.0,0.835
hard,0.26,0.01,cvar0.1,0.1,37,1,83.95877825824074,0.011783072940765082,85.47530441318841,1052,0.7446652940125205,85.18170338613729,88.17381609441325,91.95462490296993,0.0,0.74
hard,0.26,0.01,cvar0.1,0.1,38,1,81.68065096056937,0.02557108441548772,83.00155759128849,1050,0.646234628977254,82.77224374241842,85.72789894012078,90.89803311125875,0.0,0.745
hard,0.26,0.01,cvar0.1,0.1,39,1,80.39402683058096,0.004673721393169572,81.99466660254933,1079,0.6275013900012709,81.71182568466376,84.68033247084858,89.81930364645216,0.0,0.825
hard,0.26,0.01,cvar0.1,0.1,40,1,84.08256267674207,0.019850653397890383,85.48804209662293,1050,0.6429967390140519,85.37613852166123,88.19187426980587,91.98400395179277,0.0,0.865
hard,0.26,0.01,cvar0.1,0.1,41,1,80.13170624007472,0.027673509132873697,81.70984672192692,1052,0.6306039839982986,81.58785848304518,84.99285728239755,88.57165555978017,0.0,0.865
hard,0.26,0.01,cvar0.1,0.1,42,1,81.17386103651944,0.08278087566574976,82.68530877077256,1070,0.6253292830078863,82.34441891731254,84.6560896618263,87.16926355282735,0.0,0.815
hard,0.26,0.01,cvar0.1,0.1,43,1,81.15457997470429,0.3056976426739726,82.30994929412823,1028,0.5172214669873938,82.13791360685723,84.64639442398328,89.26430501119927,0.0,0.7175
hard,0.26,0.01,cvar0.1,0.1,44,1,79.79416590199352,0.17359066527051414,81.15386814479498,1056,0.5757561500067823,80.83650022953564,83.3979582583738,87.99556043876753,0.0,0.7375
hard,0.26,0.01,cvar0.1,0.1,45,1,88.99990722121781,0.5769659391080029,90.72187264513146,1002,0.41515380796045065,90.39547576483828,93.74568273200305,97.65844017456119,0.0,0.77
hard,0.26,0.01,cvar0.1,0.1,46,1,82.35665349405294,0.3161004583449407,83.52044243513886,1054,0.5053104229737073,83.47163341102609,86.28025062856238,89.18605853742915,0.0,0.8225
hard,0.26,0.01,cvar0.1,0.1,47,1,81.45873947495184,0.05986853377862822,82.99659869178699,1010,0.6636838820413686,82.5904743218467,85.41881395082873,88.51118227852277,0.0,0.755
hard,0.26,0.01,cvar0.1,0.1,48,1,80.07415278309061,0.6088211869951916,81.18213325770104,1051,0.6355283620068803,81.00055625985901,83.68907645449148,87.21180857829725,0.0,0.6975
hard,0.26,0.01,cvar0.1,0.1,49,1,80.06571838080663,0.14767370364084975,81.21099570061658,1117,0.8631240850081667,80.93961136857718,83.85593847334182,93.84238616970977,0.0,0.6475
hard,0.26,0.01,cvar0.5,0.5,0,1,80.26128336893979,0.003668331973508021,82.76735020422585,1063,0.7126758060185239,81.10344009021748,83.81783877183521,88.98863178151072,0.0,0.5825
hard,0.26,0.01,cvar0.5,0.5,1,1,81.85026293786173,0.3804950422607769,84.29066655561168,1067,0.6473497669794597,82.84317627228702,85.33048187182492,90.01976953597217,0.0,0.7475
hard,0.26,0.01,cvar0.5,0.5,2,1,81.35942213058404,0.5156671372518766,83.6603207974486,998,0.6809582239948213,82.39612846837474,85.61964969075702,88.05326693323235,0.0,0.6925
hard,0.26,0.01,cvar0.5,0.5,3,1,80.62428587105019,0.08982992866575179,83.21840466383556,1006,0.8084154849639162,81.50539535628641,83.92034016048491,88.69058063572247,0.0,0.665
hard,0.26,0.01,cvar0.5,0.5,4,1,80.59021216318992,0.6905788178333157,82.92144204929234,1034,0.7340667900280096,81.5372120436375,84.25516089398752,87.48154281532227,0.0,0.725
hard,0.26,0.01,cvar0.5,0.5,5,1,80.49335932131821,0.2958727414186848,82.90599023712024,1071,0.6151783060049638,81.46204560304821,83.81619322697999,88.35712650819339,0.0,0.8025
hard,0.26,0.01,cvar0.5,0.5,6,1,81.7348049884257,0.006382150716723434,84.42108276131519,1063,0.581891046022065,83.04197829894864,86.0934918465375,92.3899686893966,0.0,0.75
hard,0.26,0.01,cvar0.5,0.5,7,1,82.35781469751156,0.6809888296489219,84.23500184372482,950,0.46193542500259355,83.12939755446419,85.42820696183416,89.69478638614034,0.0,0.6625
hard,0.26,0.01,cvar0.5,0.5,8,1,82.62785029831196,0.0630305302488543,85.59608567151919,1054,0.534472414990887,83.57018955706769,85.99597135198341,90.61172341697718,0.0,0.785
hard,0.26,0.01,cvar0.5,0.5,9,1,80.91126141786195,0.5828269467420828,83.3742449701914,1075,0.6058854510192759,81.87625908205078,84.51359806922417,89.42543715245799,0.0,0.6825
hard,0.26,0.01,cvar0.5,0.5,10,1,81.98036701638377,0.024191338615435765,85.07850521569063,960,0.6631739779841155,83.31321781441063,86.4022700752877,92.60909105492975,0.0,0.8325
hard,0.26,0.01,cvar0.5,0.5,11,1,83.03693849838993,0.3336513297491188,85.36218353890138,1080,0.7994729210040532,83.86894684152634,85.99409913852125,88.58914446275274,0.0,0.725
hard,0.26,0.01,cvar0.5,0.5,12,1,81.61521023999074,0.05896949726564449,84.83500210133653,1083,0.8464877789956518,83.09963764285436,86.32058201373574,96.30401578547969,0.0,0.8775
hard,0.26,0.01,cvar0.5,0.5,13,1,81.60542791039305,0.02734463280275934,84.0278688858907,1070,0.8878242949722335,82.71200947378253,85.41124305956292,90.2812771725397,0.0,0.825
hard,0.26,0.01,cvar0.5,0.5,14,1,84.09381639098235,0.16798997909191993,86.87421824106266,1071,0.5665582839865237,85.24552044471952,88.23792038239057,95.87283555611275,0.0,0.765
hard,0.26,0.01,cvar0.5,0.5,15,1,85.82769540163481,0.11059991835458316,88.64667835397864,1050,0.6776641270262189,87.03463471224235,89.55881381264213,93.77055623831004,0.0,0.8425
hard,0.26,0.01,cvar0.5,0.5,16,1,81.4089934476065,0.03636023765494034,84.73664381120363,1073,0.6297908370033838,82.68105267305152,85.85616901440216,89.03972631125343,0.0,0.8275
hard,0.26,0.01,cvar0.5,0.5,17,1,83.93202731573004,0.1361392613130108,86.99565221715937,1065,0.5777894540224224,85.00601411552704,88.10353834020506,91.25728861643876,0.0,0.7075
hard,0.26,0.01,cvar0.5,0.5,18,1,82.08854481532035,0.31850986861948405,84.69139052963205,1154,0.7008608740288764,83.24129714072602,85.96660257088912,89.35622876473293,0.0,0.81
hard,0.26,0.01,cvar0.5,0.5,19,1,80.43000147809738,0.7302031293284719,82.47890653132008,1048,0.5746176580432802,81.27973382892289,84.01325639775226,88.32341926163441,0.0,0.6375
hard,0.26,0.01,cvar0.5,0.5,20,1,80.94578180791409,0.6945397312605062,83.13376877326634,1051,0.5629391130059958,81.62305691837413,83.83086887318368,86.43750254798958,0.0,0.5525
hard,0.26,0.01,cvar0.5,0.5,21,1,79.80636971598251,0.31614237190413963,81.91934265572515,1103,0.5649593209964223,80.56385247278222,82.86305027041287,87.91333856744048,0.0,0.6425
hard,0.26,0.01,cvar0.5,0.5,22,1,80.49224036956582,0.034528993203575276,83.34784911417823,1066,0.5708186870324425,81.7050070336925,84.76293049966704,90.11748740449067,0.0,0.845
hard,0.26,0.01,cvar0.5,0.5,23,1,80.95077532795891,0.0407018259366283,83.39037079293145,1072,0.6105875489884056,81.98475448603457,84.82537606053079,89.46642646610867,0.0,0.745
hard,0.26,0.01,cvar0.5,0.5,24,1,84.13742646958785,0.137293217815166,87.17610034750821,1033,0.666999189008493,85.4157688163426,88.21418705754017,94.65758781196406,0.0,0.855
hard,0.26,0.01,cvar0.5,0.5,25,1,79.73897211886802,0.21130133354182568,82.36285126002045,1008,0.7225227589951828,80.84819667774809,83.56389406374183,88.09809291168553,0.0,0.81
hard,0.26,0.01,cvar0.5,0.5,26,1,82.14753183833689,0.007664560530864506,84.82532988401651,1020,0.6049764429917559,83.07912864363573,84.94611056775973,89.8148116741998,0.0,0.7925
hard,0.26,0.01,cvar0.5,0.5,27,1,81.93000635958435,0.17224921978346375,84.39428885284158,1046,0.8496528319665231,82.880449658205,85.22629816500047,88.43627907925597,0.0,0.74
hard,0.26,0.01,cvar0.5,0.5,28,1,80.0573741837147,0.3693231100429064,82.58277843010552,1064,0.8464365919935517,81.07809727826347,84.21828578185347,88.31472620493746,0.0,0.68
hard,0.26,0.01,cvar0.5,0.5,29,1,80.95395042967552,0.23602541505897534,83.88539074065905,1047,0.8620919539825991,82.19190055577266,85.13994654906202,90.45251255452325,0.0,0.835
hard,0.26,0.01,cvar0.5,0.5,30,1,80.99548698424907,0.12301859081235156,84.43727532171059,1102,0.7683362059760839,82.56134811421944,85.90389873111758,88.28760890256065,0.0,0.8775
hard,0.26,0.01,cvar0.5,0.5,31,1,81.73698861361714,0.03766064513335898,84.18375835866262,1063,0.6353100400301628,82.62823269405166,84.86013031505588,91.27901853560222,0.0,0.745
hard,0.26,0.01,cvar0.5,0.5,32,1,80.95384312880175,0.07198557311562381,83.79020137066207,1101,0.5670957699767314,82.18186068030161,85.0163894614596,93.00983263632016,0.0,0.8
hard,0.26,0.01,cvar0.5,0.5,33,1,83.02207487141848,0.20430017665884037,85.71096318763591,1037,0.5526084659504704,84.10981235146723,86.68725111343133,90.94582815691545,0.0,0.7825
hard,0.26,0.01,cvar0.5,0.5,34,1,81.28147632920663,0.5421555825167381,83.2216231642858,1073,0.649289222958032,82.04060748607907,84.38260367991002,88.94330878618749,0.0,0.5925
hard,0.26,0.01,cvar0.5,0.5,35,1,85.94066762176271,0.23077608610420564,88.09638610717174,1084,0.6472233080421574,86.72161772346837,89.03051611985299,92.90307881835295,0.0,0.615
hard,0.26,0.01,cvar0.5,0.5,36,1,90.02382326643907,0.06655548523487331,93.49119742040165,993,0.5258136379998177,91.45167760323322,94.4260903790708,98.24166568381143,0.0,0.8125
hard,0.26,0.01,cvar0.5,0.5,37,1,83.9813163146159,0.011783072940765082,87.02675782583128,1052,0.6187548160087317,85.24324344063163,88.59954258160171,91.26520149062975,0.0,0.7575
hard,0.26,0.01,cvar0.5,0.5,38,1,81.72819101510864,0.03645081841420161,84.36618993486577,1050,0.5806758690159768,82.80256894381735,85.72064913339963,90.9394137925017,0.0,0.7375
hard,0.26,0.01,cvar0.5,0.5,39,1,80.7960883609316,0.004673721393169572,83.51873408536501,1079,0.6169880969682708,81.88610868702226,84.69965020539368,89.7540767060357,0.0,0.8
hard,0.26,0.01,cvar0.5,0.5,40,1,84.15159454120393,0.019850653397890383,86.97979240003811,1050,0.5799726400291547,85.46957558272696,88.52383874133986,94.50264503972637,0.0,0.835
hard,0.26,0.01,cvar0.5,0.5,41,1,80.24727051416525,0.027673509132873697,83.3130776250127,1052,0.6159914630115964,81.52271350739966,84.1178397823054,87.9302400481689,0.0,0.8575
hard,0.26,0.01,cvar0.5,0.5,42,1,81.15191113738732,0.08278087566574976,84.16572736823515,1070,0.620800914010033,82.29550950253966,85.03762095505236,88.27880203259566,0.0,0.8225
hard,0.26,0.01,cvar0.5,0.5,43,1,81.29595640918436,0.3290511423810867,83.52944172379841,1028,0.6505290670320392,82.40978797292988,85.61838306753745,88.68334107936974,0.0,0.7575
hard,0.26,0.01,cvar0.5,0.5,44,1,79.8043091459348,0.17359066527051414,82.57029672134902,1056,0.5981770409853198,80.85066760511396,83.5346894963422,88.76836711936632,0.0,0.7425
hard,0.26,0.01,cvar0.5,0.5,45,1,89.01118832186263,0.5769659391080029,92.4387332833816,1002,0.5685837530181743,90.19075914389168,92.5191932333964,98.60877870192758,0.0,0.7975
hard,0.26,0.01,cvar0.5,0.5,46,1,82.35665349405292,0.3161004583449407,84.77762476348492,1054,0.7626605179975741,83.46445437667677,85.85428384027936,90.38072435083048,0.0,0.8375
hard,0.26,0.01,cvar0.5,0.5,47,1,81.49496286406573,0.05986853377862822,84.54050581103732,1010,0.7246766610187478,82.50823491266023,84.8952968092424,88.50286508284422,0.0,0.7925
hard,0.26,0.01,cvar0.5,0.5,48,1,80.07415278309061,0.6088211869951916,82.40158843453119,1051,0.7503264539991505,81.00055625985901,83.68907645449148,87.21180857829725,0.0,0.6975
hard,0.26,0.01,cvar0.5,0.5,49,1,80.17396122077851,0.20810810075491504,82.37512597293484,1117,0.6027069630217738,80.93259813213776,83.452612440571,92.66997170651335,0.0,0.615
hard,0.26,0.01,cvar0.9,0.9,0,1,80.86104835248042,0.5490760649039372,89.13128702850496,1063,0.7307952670380473,81.52435019231305,84.07487825495583,89.23023746412855,0.0,0.525
hard,0.26,0.01,cvar0.9,0.9,1,1,82.68834376011768,0.8160137205782432,90.49975901809267,1067,0.673859636997804,83.40441707145347,85.61215834695734,89.52288674367614,0.0,0.6125
hard,0.26,0.01,cvar0.9,0.9,2,1,81.86976565681626,0.5156671372518766,90.16188616692462,998,0.6387049870099872,82.76943966802091,85.40183145879833,90.30099316711197,0.0,0.76
hard,0.26,0.01,cvar0.9,0.9,3,1,82.24783750367541,1.1780742043327015,89.13345533350164,1006,0.6667605480179191,82.84630327234113,84.81207774150813,91.17960544598753,0.0,0.5575
hard,0.26,0.01,cvar0.9,0.9,4,1,81.22163899232653,0.6905788178333157,89.12547518473342,1034,0.5968483290052973,81.97913180455427,84.32212395647612,89.87596074944267,0.0,0.6525
hard,0.26,0.01,cvar0.9,0.9,5,1,81.9637731538749,0.3855145738581558,89.02775735938746,1071,0.6110677359974943,82.72344755918179,84.54452086723713,87.62044940589004,0.0,0.695
hard,0.26,0.01,cvar0.9,0.9,6,1,82.90370346456467,0.13007048666037058,91.33307395980077,1063,0.5886913199792616,83.90487035881456,86.87849612478624,90.56804777976956,0.0,0.6725
hard,0.26,0.01,cvar0.9,0.9,7,1,82.86374462211299,1.197772546505015,89.14201157278818,950,0.49028378003276885,83.51058750341144,85.36460534590381,91.04778083568075,0.0,0.62
hard,0.26,0.01,cvar0.9,0.9,8,1,83.28529507103354,0.4265029135001872,94.74665958127375,1054,0.5643776920042001,84.09424510910134,86.5250868929552,90.12202230367579,0.0,0.7225
hard,0.26,0.01,cvar0.9,0.9,9,1,81.3793657023016,1.2204331286616439,89.96558347185729,1075,0.4577260189689696,82.0952960657159,84.19857683355166,88.13712745288508,0.0,0.6375
hard,0.26,0.01,cvar0.9,0.9,10,1,83.53203308392426,0.25699695249283216,94.18370125013196,960,0.45113281602971256,84.60852109960493,87.03515012860699,92.48606305596348,0.0,0.7875
hard,0.26,0.01,cvar0.9,0.9,11,1,83.67688407476939,0.29097625522407244,91.58096921519166,1080,0.46639679797226563,84.47205724318556,86.50337957689209,90.66576159352724,0.0,0.7425
hard,0.26,0.01,cvar0.9,0.9,12,1,83.93828606886852,0.05896949726564449,94.29916926269485,1083,0.6407905489904806,85.05792806401777,87.47918384689889,90.23243337485995,0.0,0.875
hard,0.26,0.01,cvar0.9,0.9,13,1,83.03983302230003,0.014266359982888721,88.89090500915142,1070,0.48767312499694526,83.58681501575509,86.04522838557178,92.468899173938,0.0,0.515
hard,0.26,0.01,cvar0.9,0.9,14,1,84.51947597555898,0.16798997909191993,94.3943100658744,1071,0.5258983090170659,85.4258764014857,87.94369893802349,92.7218823420111,0.0,0.735
hard,0.26,0.01,cvar0.9,0.9,15,1,87.02342503086399,0.11059991835458316,96.81546972421019,1050,0.648409389948938,87.95559217208502,90.18960090295793,95.2666044096853,0.0,0.7275
hard,0.26,0.01,cvar0.9,0.9,16,1,84.13503229307173,1.1163813951878403,93.12873694625259,1073,0.5962568409740925,84.81754728314063,87.01661327190843,89.32690958326555,0.0,0.6275
hard,0.26,0.01,cvar0.9,0.9,17,1,85.07296166394747,0.7245657837595818,95.97523273290766,1065,0.5506218809750862,85.95593815784373,88.1705968630763,91.99397373589039,0.0,0.735
hard,0.26,0.01,cvar0.9,0.9,18,1,83.82024904218332,0.4823532055378652,91.00111194087283,1154,0.6055859039770439,84.45486426211093,86.55552705044717,89.9940469865919,0.0,0.6725
hard,0.26,0.01,cvar0.9,0.9,19,1,80.74532743412624,0.9776276788390827,88.07996080338309,1048,0.6010336799663492,81.43638289780628,83.70174780838627,87.69387505944782,0.0,0.59
hard,0.26,0.01,cvar0.9,0.9,20,1,81.33909874167733,0.6945397312605062,89.320847791239,1051,0.6189607260166667,81.98137224772454,83.88164274128054,87.40700177237355,0.0,0.6675
hard,0.26,0.01,cvar0.9,0.9,21,1,80.33861944067242,0.31614237190413963,87.68158357486844,1103,0.7855042480514385,80.97126763964245,82.968725567519,84.8916133781554,0.0,0.68
hard,0.26,0.01,cvar0.9,0.9,22,1,83.35297107941008,1.0257498209789906,89.90434522919288,1066,0.7682659639976919,84.00397079840248,86.22408883033164,89.55942171123317,0.0,0.5875
hard,0.26,0.01,cvar0.9,0.9,23,1,81.73816097537203,0.0407018259366283,90.32210478648229,1072,0.7692331930156797,82.56803292928205,84.99345164281183,90.37221946999387,0.0,0.7075
hard,0.26,0.01,cvar0.9,0.9,24,1,85.51401708263455,0.2625513959392052,95.10047185294576,1033,0.5024362099939026,86.37406025610427,88.66678270239616,92.41752982501242,0.0,0.7475
hard,0.26,0.01,cvar0.9,0.9,25,1,80.06480124280971,0.46015629137536074,89.49615776338375,1008,0.5212747090263292,81.0036685541288,83.57630054560367,88.99749488222339,0.0,0.7225
hard,0.26,0.01,cvar0.9,0.9,26,1,83.61944644618923,0.007664560530864506,92.37661020086045,1020,0.49125520494999364,84.3073033606738,86.27120933116477,90.86698894552562,0.0,0.685
hard,0.26,0.01,cvar0.9,0.9,27,1,82.30998903146153,0.17224921978346375,91.53373403331669,1046,0.4830902219982818,83.2990581804799,85.48554127645612,91.85254873458683,0.0,0.8025
hard,0.26,0.01,cvar0.9,0.9,28,1,82.66590422119536,1.3491838934012073,88.78730229364363,1064,0.5556136469822377,83.27979025082892,85.29941922647978,89.01342369261997,0.0,0.55
hard,0.26,0.01,cvar0.9,0.9,29,1,82.15766594541586,0.6120065701646311,92.1558132055278,1047,0.5319999210187234,83.12677759721028,85.83906518244576,90.41423540246883,0.0,0.7725
hard,0.26,0.01,cvar0.9,0.9,30,1,81.32203006961952,0.1449345111576168,94.12716226156324,1102,0.6611120200250298,82.57061370745305,85.23581785121227,87.69536516356187,0.0,0.84
hard,0.26,0.01,cvar0.9,0.9,31,1,83.09292151012237,0.03766064513335898,91.01045046208988,1063,0.5282533289864659,83.77864710342783,85.6856301386145,89.90846784664744,0.0,0.635
hard,0.26,0.01,cvar0.9,0.9,32,1,82.16697380374961,0.1137541813258034,90.92472935047469,1101,0.8866460570134223,82.96103933735827,85.11132536831852,88.01812625805668,0.0,0.7325
hard,0.26,0.01,cvar0.9,0.9,33,1,83.25040661761203,0.6195383538147139,93.94270639208311,1037,0.7185196729842573,84.3221138064911,86.92204803343101,89.83114744286196,0.0,0.8175
hard,0.26,0.01,cvar0.9,0.9,34,1,81.71169518756338,0.5421555825167381,88.33147403378814,1073,0.8210704660159536,82.4002513148114,84.4747894659705,91.69308082787249,0.0,0.6175
hard,0.26,0.01,cvar0.9,0.9,35,1,86.53964816027327,0.23077608610420564,93.72118769070687,1084,0.8623000889783725,87.16323940962886,89.16620525048192,91.36422079383186,0.0,0.6525
hard,0.26,0.01,cvar0.9,0.9,36,1,93.48181180343391,0.856915850810809,104.02583255247771,993,0.6490164769929834,94.37228318014917,97.09514185553938,99.82788698032432,0.0,0.6525
hard,0.26,0.01,cvar0.9,0.9,37,1,85.56392023327773,1.0923291605857228,93.20822582332693,1052,0.7750178970163688,86.32949879315603,88.60284841365332,92.27134921947632,0.0,0.67
hard,0.26,0.01,cvar0.9,0.9,38,1,82.59428227603429,0.48383458908092347,91.911471569493,1050,0.7293711549718864,83.45621414822682,86.25891853050136,92.45999512633944,0.0,0.685
hard,0.26,0.01,cvar0.9,0.9,39,1,82.40074759054721,0.7461281784506586,89.76366585007762,1079,0.7677644760115072,83.10663419392618,85.20426485132101,89.83758248595693,0.0,0.5925
hard,0.26,0.01,cvar0.9,0.9,40,1,84.43334152510828,0.0038441387649128522,95.68970985242616,1050,0.5061109960079193,85.67895995820975,88.65163774885306,94.13949332543115,0.0,0.8425
hard,0.26,0.01,cvar0.9,0.9,41,1,80.92501883849091,0.027673509132873697,92.61068504975738,1052,0.5591975610004738,82.10291673120497,84.75610922403823,88.2679064815482,0.0,0.8325
hard,0.26,0.01,cvar0.9,0.9,42,1,81.36951373855092,0.08278087566574976,93.03983895254403,1070,0.49790595698868856,82.4069009167182,84.77274761216887,88.91725277222127,0.0,0.7875
hard,0.26,0.01,cvar0.9,0.9,43,1,82.80020556317656,1.749585311458385,88.00643991967645,1028,0.5216554179787636,83.38122136757957,85.44460574739797,89.20519974884456,0.0,0.5175
hard,0.26,0.01,cvar0.9,0.9,44,1,80.6343372916248,0.22883224447016515,89.03881517902819,1056,0.5997291139792651,81.37011439937369,83.69507528993861,88.06288476884384,0.0,0.605
hard,0.26,0.01,cvar0.9,0.9,45,1,89.80837290392196,0.35397741052396103,102.44337373181257,1002,0.5604312520008534,90.91929695624628,93.73819434877477,97.55166912834031,0.0,0.73
hard,0.26,0.01,cvar0.9,0.9,46,1,82.7977997816987,0.3161004583449407,90.63800651900688,1054,0.6015920749632642,83.609473505327,85.46308465111359,88.1005260455299,0.0,0.7925
hard,0.26,0.01,cvar0.9,0.9,47,1,81.91449698996001,0.45252609567929314,93.28872615180344,1010,0.5750970239751041,82.8679822178197,85.19722674184983,87.85708530130564,0.0,0.735
hard,0.26,0.01,cvar0.9,0.9,48,1,80.10881496454843,0.5789202759990926,89.10330193728657,1051,0.5614060559892096,80.94501425710439,83.3536939446715,87.944443299832,0.0,0.6975
hard,0.26,0.01,cvar0.9,0.9,49,1,80.46782207831556,0.29806252622600216,88.13694790987928,1117,0.7102525670197792,81.08885536195987,82.71141961455615,86.60134913316362,0.0,0.69
hard,0.26,0.05,rrtstar,,0,1,80.26128336893979,0.003668331973508021,80.26128336893979,1063,0.17283804999897256,84.47206697532823,98.04406038341692,123.89802543179442,0.0075,0.5825
hard,0.26,0.05,rrtstar,,1,1,81.73939522551508,0.3447202572100463,81.73939522551508,1067,0.17879138299031183,87.0524440764867,100.26097263642654,125.98271181626068,0.0025,0.7075
hard,0.26,0.05,rrtstar,,2,1,81.2683358201402,0.04660107158871529,81.26833582014021,998,0.15621957695111632,86.85254986962147,100.08616755715666,115.69322537646785,0.0,0.715
hard,0.26,0.05,rrtstar,,3,1,80.22587453543257,0.08982992866575179,80.22587453543255,1006,0.17074677697382867,85.35728467525462,100.1440528405063,128.94366588509328,0.0025,0.69
hard,0.26,0.05,rrtstar,,4,1,80.52182888662979,0.03217671214858653,80.52182888662979,1034,0.1532242260291241,85.42558079131275,97.72585581963332,116.57866386981992,0.0,0.715
hard,0.26,0.05,rrtstar,,5,1,80.40529761340437,0.020545648989911403,80.40529761340439,1071,0.16673891199752688,85.9907965611948,100.06439594263226,121.20369705073855,0.0025,0.7
hard,0.26,0.05,rrtstar,,6,1,81.70901036551298,0.006382150716723434,81.70901036551295,1063,0.19239371502771974,88.75889204826164,106.1577179350872,135.3577838936733,0.0125,0.8
hard,0.26,0.05,rrtstar,,7,1,82.54253159430368,0.05544108234067524,82.54253159430367,950,0.15690231800545007,88.75753486901925,103.69123174473654,129.38711764185214,0.01,0.7675
hard,0.26,0.05,rrtstar,,8,1,82.34878511643308,0.01733785896722928,82.34878511643308,1054,0.18762680399231613,88.32297385383076,100.7395589252619,116.9204311074327,0.0,0.8225
hard,0.26,0.05,rrtstar,,9,1,80.72476636025351,0.36345887601260474,80.7247663602535,1075,0.18298279598820955,86.37919584322495,101.42012828682108,126.38873659633975,0.005,0.6825
hard,0.26,0.05,rrtstar,,10,1,81.7640794228919,0.024191338615435765,81.76407942289188,960,0.16650191397638991,89.13082508091085,103.25085882807207,124.23027584970666,0.0075,0.8575
hard,0.26,0.05,rrtstar,,11,1,82.88994114050935,0.14523382416621144,82.88994114050935,1080,0.175278403039556,88.69100987769744,102.79603107220227,127.43391153591861,0.005,0.755
hard,0.26,0.05,rrtstar,,12,1,81.53188754054231,0.04833697328597486,81.5318875405423,1083,0.17186128400499,88.85648667213545,105.96142609375845,123.18945802274386,0.01,0.8725
hard,0.26,0.05,rrtstar,,13,1,81.57213516016044,0.02734463280275934,81.57213516016044,1070,0.1972275619627908,87.61777778748659,103.47244341459589,123.24521217787633,0.0025,0.805
hard,0.26,0.05,rrtstar,,14,1,84.07673300919133,0.16798997909191993,84.07673300919133,1071,0.238736932980828,89.80576405194026,102.46645609084212,125.40897682994782,0.0025,0.7525
hard,0.26,0.05,rrtstar,,15,1,85.49765482713116,0.11059991835458316,85.49765482713116,1050,0.23617897799704224,93.44107945588476,110.41080400883088,135.5663418889177,0.015,0.8275
hard,0.26,0.05,rrtstar,,16,1,81.40547189845101,0.03636023765494034,81.40547189845101,1073,0.2520877690403722,88.33920799515212,104.46505872217026,124.89339727228779,0.0025,0.82
hard,0.26,0.05,rrtstar,,17,1,83.88173079297863,0.1361392613130108,83.8817307929786,1065,0.23566528700757772,89.86888421745421,103.58344103879791,120.69722739657419,0.005,0.76
hard,0.26,0.05,rrtstar,,18,1,82.20443071376017,0.31850986861948405,82.20443071376016,1154,0.2608761410228908,88.07565718691978,101.84416024488313,128.6612978657411,0.005,0.765
hard,0.26,0.05,rrtstar,,19,1,80.25483406675356,0.039907282072165096,80.25483406675356,1048,0.2679237719858065,84.48654544502291,95.85728099451113,120.89655383268395,0.0025,0.66
hard,0.26,0.05,rrtstar,,20,1,80.85734534634419,0.26270124056919864,80.8573453463442,1051,0.27497108303941786,84.98683158854683,97.36908325433284,111.14365248130838,0.0,0.6375
hard,0.26,0.05,rrtstar,,21,1,79.77833359251667,0.20018141214256557,79.77833359251666,1103,0.2817527419538237,83.87924038592766,95.96618515059659,128.54437313841615,0.0025,0.6425
hard,0.26,0.05,rrtstar,,22,1,80.0456644137755,0.036928452076827156,80.0456644137755,1066,0.16614209301769733,86.92147768884325,103.50791002232263,127.64797371812378,0.005,0.7475
hard,0.26,0.05,rrtstar,,23,1,80.85642423357702,0.0407018259366283,80.85642423357699,1072,0.16961092001292855,87.36399155219914,102.57161390016637,124.84770995433242,0.005,0.7675
hard,0.26,0.05,rrtstar,,24,1,83.92767003364796,0.026576683530807,83.92767003364797,1033,0.16757404000964016,92.22942511519021,111.34577276065126,148.5419799670305,0.015,0.875
hard,0.26,0.05,rrtstar,,25,1,79.67940716314781,0.21130133354182568,79.67940716314781,1008,0.15620951901655644,84.95753887948092,97.58918899690954,118.67625630111512,0.0,0.7725
hard,0.26,0.05,rrtstar,,26,1,82.4945790372651,0.29178701855983036,82.4945790372651,1020,0.2805122269783169,87.75523638126052,101.10357607556539,127.48197040400395,0.0025,0.67
hard,0.26,0.05,rrtstar,,27,1,81.86430324033404,0.04431291648540059,81.86430324033401,1046,0.2714761469978839,87.34239997272002,100.99474949310199,126.27710374481003,0.005,0.6975
hard,0.26,0.05,rrtstar,,28,1,79.97645289291728,0.047155528808809244,79.97645289291727,1064,0.2763921889709309,86.17857767689665,104.29642860976215,135.85120150631872,0.005,0.7125
hard,0.26,0.05,rrtstar,,29,1,80.81218799695247,0.0554286348892572,80.81218799695246,1047,0.2786585330031812,87.51233890736316,101.7129598569902,121.99627904196112,0.005,0.8175
hard,0.26,0.05,rrtstar,,30,1,80.89425178977959,0.12301859081235156,80.89425178977957,1102,0.2192086199647747,88.34910868221023,104.32905916671889,130.6611447599134,0.01,0.845
hard,0.26,0.05,rrtstar,,31,1,81.37548518155045,0.03766064513335898,81.37548518155045,1063,0.16384658397873864,87.57270552698947,101.84302522446556,119.11414009017611,0.0025,0.77
hard,0.26,0.05,rrtstar,,32,1,80.87569119517617,0.07198557311562381,80.87569119517619,1101,0.16853456501848996,86.55511883951425,99.81560970139135,124.27423706310967,0.0025,0.8075
hard,0.26,0.05,rrtstar,,33,1,82.9065279464248,0.20430017665884037,82.90652794642479,1037,0.15809808898484334,89.7245704894002,105.95338699013479,121.14812185344027,0.005,0.805
hard,0.26,0.05,rrtstar,,34,1,81.1760698709675,0.026758683371987724,81.1760698709675,1073,0.22877468302613124,85.6030088739877,97.96529935190256,118.2735529800344,0.0,0.655
hard,0.26,0.05,rrtstar,,35,1,85.85755459276815,0.23077608610420564,85.85755459276815,1084,0.17357974202604964,91.51176716128819,106.9447383787529,127.102566306075,0.0075,0.6675
hard,0.26,0.05,rrtstar,,36,1,89.93995787496925,0.07199831381771382,89.93995787496927,993,0.15126889996463433,96.79736883284046,112.11682815791892,138.71985678066332,0.0175,0.7775
hard,0.26,0.05,rrtstar,,37,1,83.93732585955998,0.011783072940765082,83.93732585955999,1052,0.17219273099908605,90.61691168355668,107.12260665868932,123.5254642124503,0.005,0.77
hard,0.26,0.05,rrtstar,,38,1,81.65661693265653,0.02557108441548772,81.65661693265653,1050,0.18094155698781833,86.97822456386251,103.66789404140653,129.09976789736749,0.005,0.745
hard,0.26,0.05,rrtstar,,39,1,80.36692873524333,0.004673721393169572,80.36692873524332,1079,0.1998077390016988,86.8777764718992,102.34997208152038,139.92598522154393,0.01,0.81
hard,0.26,0.05,rrtstar,,40,1,84.08242699619535,0.0038660621434205567,84.08242699619534,1050,0.16221836698241532,91.21803831727479,105.16030094800357,145.19086761342467,0.01,0.8775
hard,0.26,0.05,rrtstar,,41,1,80.0640955080935,0.027673509132873697,80.06409550809349,1052,0.17615829600254074,87.479073095433,101.15032102609443,123.55902433774716,0.0075,0.825
hard,0.26,0.05,rrtstar,,42,1,81.17351999586434,0.08278087566574976,81.17351999586434,1070,0.18500298401340842,87.77697422419818,104.6932516924881,128.3945334310319,0.01,0.8125
hard,0.26,0.05,rrtstar,,43,1,81.15174958506091,0.3056976426739726,81.15174958506093,1028,0.16684278805041686,86.10775889528003,99.8872193236821,130.49535669186585,0.0025,0.7
hard,0.26,0.05,rrtstar,,44,1,79.73575395667021,0.17359066527051414,79.73575395667021,1056,0.17011896101757884,85.64142336394939,100.01430290003111,128.45903011589073,0.0025,0.74
hard,0.26,0.05,rrtstar,,45,1,88.94997598176346,0.1661431371861397,88.94997598176344,1002,0.1718919519917108,96.4264805146174,112.16680987225925,139.65259862348094,0.03,0.7875
hard,0.26,0.05,rrtstar,,46,1,82.38467260769474,0.10418592738858301,82.38467260769474,1054,0.1622440349892713,88.25590129361022,101.64326265545085,125.4406740597834,0.0075,0.815
hard,0.26,0.05,rrtstar,,47,1,81.2603832734892,0.008449492440629314,81.26038327348921,1010,0.1602902919985354,87.39832273818145,101.91012563940228,123.39348861788727,0.005,0.7925
hard,0.26,0.05,rrtstar,,48,1,80.01470879251856,0.25914045018062204,80.01470879251858,1051,0.17056876100832596,85.29354333428351,102.039977191971,123.50004487969316,0.0025,0.7025
hard,0.26,0.05,rrtstar,,49,1,79.89285056833695,0.1016655962939983,79.89285056833694,1117,0.16541056102141738,84.91458262602471,98.27763492637239,125.47279132615212,0.0025,0.6675
hard,0.26,0.05,neutral,0.0,0,1,80.73459018658866,0.5490760649039372,84.59382735256658,1063,0.39454749797005206,83.9659844348907,95.59201318623235,123.18607946359158,0.0025,0.5725
hard,0.26,0.05,neutral,0.0,1,1,82.51176672361156,0.8160137205782432,86.05473267196787,1067,0.39907431398751214,86.23041542791343,99.0959023815732,116.23818957675122,0.0,0.6025
hard,0.26,0.05,neutral,0.0,2,1,81.78498273245091,0.5156671372518766,85.42580897367353,998,0.35099604696733877,86.34149315576322,99.59417868339301,125.21248856881184,0.0025,0.7975
hard,0.26,0.05,neutral,0.0,3,1,81.53557836090576,0.7579463451901831,84.94203323829856,1006,0.40193981101037934,85.31487672665018,96.23354281176397,119.48370249298142,0.0025,0.6175
hard,0.26,0.05,neutral,0.0,4,1,80.68198948524241,0.6905788178333157,84.85644087580346,1034,0.2612373929587193,85.13077990270111,97.88946974752389,130.26419981987408,0.0025,0.72
hard,0.26,0.05,neutral,0.0,5,1,80.8776142811407,0.3855145738581558,84.88174890211289,1071,0.3091062059975229,85.49255165328083,98.83210429887558,122.88979137349398,0.0025,0.745
hard,0.26,0.05,neutral,0.0,6,1,82.25809818619204,0.13007048666037058,86.51124851986991,1063,0.2890858729952015,87.1552383774051,99.44286182582147,128.491532441531,0.005,0.76
hard,0.26,0.05,neutral,0.0,7,1,82.49232370543606,0.8991767656530754,85.34619943241859,950,0.22593885200330988,85.97314474643322,96.93262428922728,123.54338204362261,0.0025,0.6175
hard,0.26,0.05,neutral,0.0,8,1,82.99183961115975,0.4265029135001872,88.51796823897969,1054,0.3000900929910131,87.09749428531637,99.59761629938728,125.41981357106,0.005,0.6775
hard,0.26,0.05,neutral,0.0,9,1,81.16143017125269,0.8331205878716643,85.31708132738746,1075,0.26642675301991403,85.50005371726053,98.00518496030826,107.97021687114737,0.0,0.6375
hard,0.26,0.05,neutral,0.0,10,1,82.14966003686922,0.25699695249283216,88.04868662710643,960,0.23268063500290737,88.40238627369159,101.01873834353177,119.4627899065021,0.0025,0.835
hard,0.26,0.05,neutral,0.0,11,1,83.34293640103623,0.29097625522407244,87.1569322362096,1080,0.2688569459714927,88.00153144459973,100.12006921861311,132.75378761729525,0.0025,0.76
hard,0.26,0.05,neutral,0.0,12,1,81.69407638977415,0.05896949726564449,88.17956298642366,1083,0.44563620595727116,89.06811125670819,104.00402030993808,128.05987013695062,0.01,0.885
hard,0.26,0.05,neutral,0.0,13,1,83.08454660391473,0.014266359982888721,85.5326968315996,1070,0.4904245249927044,85.79036508215545,94.68860379209717,117.20826983214603,0.0,0.515
hard,0.26,0.05,neutral,0.0,14,1,84.39534286206475,0.16798997909191993,89.12405909717607,1071,0.425542826007586,89.73770046916756,103.21366096878897,119.33416914001896,0.0025,0.7525
hard,0.26,0.05,neutral,0.0,15,1,86.58109129013292,0.11059991835458316,91.46383912711912,1050,0.46004482195712626,92.04020036568734,103.27781976669851,125.32725007678864,0.0075,0.8275
hard,0.26,0.05,neutral,0.0,16,1,82.23684472248894,0.03636023765494034,87.51337001416846,1073,0.31647806003456935,87.0057045476217,100.63202842951111,113.42480612927669,0.0,0.79
hard,0.26,0.05,neutral,0.0,17,1,84.27553315944206,0.1361392613130108,89.65252597019197,1065,0.2817011139704846,89.06607332684418,103.45639250283712,120.16759594327594,0.0025,0.7025
hard,0.26,0.05,neutral,0.0,18,1,83.75570856782903,0.4572768978192263,86.92084738001218,1154,0.31812631495995447,86.91659527739867,96.40520309080972,115.64822021276618,0.0,0.71
hard,0.26,0.05,neutral,0.0,19,1,80.52680513665058,0.7302031293284719,83.924742873977,1048,0.2887408409733325,83.91360366081206,94.89176348937958,110.61101164605559,0.0,0.6025
hard,0.26,0.05,neutral,0.0,20,1,81.0460815415568,0.6945397312605062,84.83225285443856,1051,0.3993710850481875,84.49288713981201,94.85291587310044,109.09091657805041,0.0,0.655
hard,0.26,0.05,neutral,0.0,21,1,80.0022263969981,0.31614237190413963,83.33448473682732,1103,0.4400159530341625,83.59900154541239,94.72439712966796,112.4599047641746,0.0,0.62
hard,0.26,0.05,neutral,0.0,22,1,81.46107622082421,0.7620722348817459,84.90669813543701,1066,0.423319032008294,85.37759345387818,96.26636256024166,111.64235679742615,0.0,0.71
hard,0.26,0.05,neutral,0.0,23,1,80.97186246169623,0.0407018259366283,85.57311233225076,1072,0.4299400669988245,85.62051605805678,97.56300996134553,108.66020576850963,0.0,0.735
hard,0.26,0.05,neutral,0.0,24,1,84.89849955985062,0.2625513959392052,89.70225255158451,1033,0.25466417899588123,90.1606269546714,103.23860464096826,128.00218165670634,0.005,0.7975
hard,0.26,0.05,neutral,0.0,25,1,79.7731933835293,0.21130133354182568,84.84696721018375,1008,0.2587535780039616,84.46865912104015,96.96560842492798,119.52028901647576,0.0025,0.7525
hard,0.26,0.05,neutral,0.0,26,1,82.22053261433393,0.007664560530864506,87.27080729184598,1020,0.2712940120254643,86.75368951188763,98.64108521403729,120.94244377053371,0.0025,0.81
hard,0.26,0.05,neutral,0.0,27,1,82.03805569482421,0.17224921978346375,86.48329908663297,1046,0.2779487910447642,86.45959327599893,96.70522760625816,112.45784350325638,0.0,0.795
hard,0.26,0.05,neutral,0.0,28,1,80.42487499218797,0.3693231100429064,84.0967150341053,1064,0.2910976749844849,84.74174966483953,97.53378705106131,114.09660447712226,0.0,0.6375
hard,0.26,0.05,neutral,0.0,29,1,81.69678164011573,0.6120065701646311,86.92133093515851,1047,0.2779273909982294,87.21394065779822,100.61573612160612,119.33086020240168,0.0025,0.7575
hard,0.26,0.05,neutral,0.0,30,1,81.25713470144622,0.12301859081235156,88.04117660983556,1102,0.30934964498737827,88.7648061228319,104.7967028354993,121.22985052975272,0.0025,0.8725
hard,0.26,0.05,neutral,0.0,31,1,81.76453576651754,0.03766064513335898,86.28732354113323,1063,0.2826981089892797,85.75975025799558,97.16365516867225,107.84455554106488,0.0,0.725
hard,0.26,0.05,neutral,0.0,32,1,81.68271909941431,0.20252697214473336,86.12720404490062,1101,0.2818068739725277,85.76160998047875,97.80544345532836,116.96853245401749,0.0,0.7275
hard,0.26,0.05,neutral,0.0,33,1,83.01803911674425,0.20430017665884037,88.11957584303944,1037,0.2539203030173667,88.23922024462732,101.77165480525602,123.38948968838791,0.0075,0.8325
hard,0.26,0.05,neutral,0.0,34,1,81.70825876941059,0.5421555825167381,84.42979025898467,1073,0.2729953790549189,85.13992440581517,95.54350904035915,131.5336095123513,0.0025,0.6175
hard,0.26,0.05,neutral,0.0,35,1,86.0082793999321,0.23077608610420564,89.66228412404124,1084,0.2773317050305195,89.62585521217032,98.59205024889955,111.71884473557314,0.0,0.75
hard,0.26,0.05,neutral,0.0,36,1,90.12647376878972,0.06655548523487331,96.96641499960306,993,0.4081551389535889,96.7523871646915,113.29742043805433,138.7284370833541,0.0225,0.8275
hard,0.26,0.05,neutral,0.0,37,1,85.00157640882126,0.7022747504279501,88.86672636446558,1052,0.5010627140291035,89.12149802164262,100.66632027823626,123.23304420716971,0.005,0.6825
hard,0.26,0.05,neutral,0.0,38,1,82.2087061283031,0.48383458908092347,86.74215562471205,1050,0.4354828039649874,86.44014865311951,98.24456953385955,114.7543773300045,0.0,0.7075
hard,0.26,0.05,neutral,0.0,39,1,81.15238003875218,0.004673721393169572,85.96908340530037,1079,0.46233467903221026,86.30276931094816,98.94238525332909,138.13256492309574,0.005,0.73
hard,0.26,0.05,neutral,0.0,40,1,84.2260578104064,0.0038441387649128522,89.54952451567202,1050,0.2839209910016507,90.69792486470872,105.26428837461324,141.59410888854205,0.0075,0.85
hard,0.26,0.05,neutral,0.0,41,1,80.47442768093494,0.027673509132873697,86.2384132508737,1052,0.3184181970427744,86.03531545180951,98.37233869574777,112.73158581197696,0.0,0.8375
hard,0.26,0.05,neutral,0.0,42,1,81.44496635589122,0.08278087566574976,87.21870884386428,1070,0.2854440790251829,87.55277858093959,102.62220517738686,127.17153914492609,0.0025,0.7875
hard,0.26,0.05,neutral,0.0,43,1,82.42814028484733,1.301031709152169,84.79612084647373,1028,0.2875606089946814,85.73373635139434,96.54192377833512,118.2615591902802,0.0,0.61
hard,0.26,0.05,neutral,0.0,44,1,80.53646471507298,0.22883224447016515,84.30877339870923,1056,0.2862402749597095,84.38503719356737,97.0783960391774,117.7373533010918,0.0,0.61
hard,0.26,0.05,neutral,0.0,45,1,89.54289754356596,0.35397741052396103,95.73701284840328,1002,0.26266383001348004,95.30618252611494,110.40721016585381,128.39558303460106,0.02,0.75
hard,0.26,0.05,neutral,0.0,46,1,82.62896637542838,0.3161004583449407,86.51184274081395,1054,0.275648323004134,86.98544230752759,96.87787826785572,109.39864576992447,0.0,0.7825
hard,0.26,0.05,neutral,0.0,47,1,81.81693711633264,0.45252609567929314,87.34882309053543,1010,0.28281137300655246,86.70747969868654,98.59627591438378,113.84473945645468,0.0,0.735
hard,0.26,0.05,neutral,0.0,48,1,79.95206632244164,0.6088211869951916,84.10561547673271,1051,0.26364120695507154,84.461683936751,96.33598014713412,116.56789034936624,0.0,0.6775
hard,0.26,0.05,neutral,0.0,49,1,80.41343951042383,0.29806252622600216,83.8227437893527,1117,0.2817632519872859,83.73196956510382,93.48143068564957,115.97499023726033,0.0,0.655
hard,0.26,0.05,cvar0.1,0.1,0,1,80.8585722675509,0.5490760649039372,85.77235805372797,1063,0.5193206850090064,84.06241985673802,95.75323090896909,123.79387217163908,0.0025,0.5675
hard,0.26,0.05,cvar0.1,0.1,1,1,82.49440180563889,0.8160137205782432,87.21165906167546,1067,0.599592887039762,86.2632147791798,97.07183859690504,114.55168822246594,0.0,0.67
hard,0.26,0.05,cvar0.1,0.1,2,1,81.84888582786424,0.5156671372518766,86.6133176618862,998,0.5314024719991721,86.37753593470475,99.51859100970069,124.04577142227633,0.005,0.76
hard,0.26,0.05,cvar0.1,0.1,3,1,81.59122528533281,0.7163358466629828,86.11161242889536,1006,0.6078300959779881,85.0051537270808,95.38838192128652,122.51346395441733,0.0025,0.605
hard,0.26,0.05,cvar0.1,0.1,4,1,81.22457361918165,0.6905788178333157,86.04661647274128,1034,0.5809374839882366,84.9807430627526,96.57876097052917,111.41980048271124,0.0,0.645
hard,0.26,0.05,cvar0.1,0.1,5,1,80.8776142811407,0.3855145738581558,86.08646096738366,1071,0.500379603006877,85.49255165328083,98.83210429887558,122.88979137349398,0.0025,0.745
hard,0.26,0.05,cvar0.1,0.1,6,1,82.4219889572618,0.13007048666037058,87.73616349789742,1063,0.5403623680467717,87.07052057667657,99.72907981494339,128.6662173408476,0.0025,0.7325
hard,0.26,0.05,cvar0.1,0.1,7,1,82.5342585291666,0.8991767656530754,86.43433311053599,950,0.37846559897297993,86.01526988662278,96.27064031714264,122.95241193083267,0.0025,0.6175
hard,0.26,0.05,cvar0.1,0.1,8,1,83.01916758489341,0.4265029135001872,89.96475628719361,1054,0.5452048110309988,87.1939988998158,100.17445643259504,125.36196796675266,0.005,0.68
hard,0.26,0.05,cvar0.1,0.1,9,1,81.19258607660123,0.8331205878716643,86.5262987850227,1075,0.5888163160416298,85.16136210135552,97.38089270570306,115.02371552145831,0.0,0.62
hard,0.26,0.05,cvar0.1,0.1,10,1,82.14966003686922,0.25699695249283216,89.48209795602841,960,0.4884026839863509,88.40238627369159,101.01873834353177,119.4627899065021,0.0025,0.835
hard,0.26,0.05,cvar0.1,0.1,11,1,83.2978145870872,0.29097625522407244,88.33284813525046,1080,0.5689941290183924,87.15964412980466,98.40468223373855,129.76070355424912,0.0025,0.75
hard,0.26,0.05,cvar0.1,0.1,12,1,81.69407638977415,0.05896949726564449,89.67358183583075,1083,0.5552898039459251,89.06811125670819,104.00402030993808,128.05987013695062,0.01,0.885
hard,0.26,0.05,cvar0.1,0.1,13,1,83.08454660391473,0.014266359982888721,86.60707163528878,1070,0.6131228010053746,85.79036508215545,94.68860379209717,117.20826983214603,0.0,0.515
hard,0.26,0.05,cvar0.1,0.1,14,1,84.39534286206475,0.16798997909191993,90.46010779039192,1071,0.4706956340232864,89.73770046916756,103.21366096878897,119.33416914001896,0.0025,0.7525
hard,0.26,0.05,cvar0.1,0.1,15,1,86.58109129013292,0.11059991835458316,92.825456934929,1050,0.5042095219832845,92.04020036568734,103.27781976669851,125.32725007678864,0.0075,0.8275
hard,0.26,0.05,cvar0.1,0.1,16,1,82.26343648408532,0.1490946889886633,88.95188235476718,1073,0.6795389709877782,87.01867231818328,100.42820010709815,115.09735623013123,0.0,0.79
hard,0.26,0.05,cvar0.1,0.1,17,1,84.27553315944206,0.1361392613130108,91.07270084233494,1065,0.6217397390282713,88.93935363765092,103.19549568838998,120.8714248001526,0.0075,0.715
hard,0.26,0.05,cvar0.1,0.1,18,1,83.78147948736556,0.4572768978192263,88.07340329047105,1154,0.8696101660025306,87.14004449431373,96.93974890321734,109.61352846004512,0.0,0.7575
hard,0.26,0.05,cvar0.1,0.1,19,1,80.52680513665058,0.7302031293284719,85.07908481378847,1048,0.7474248000071384,83.91360366081206,94.89176348937958,110.61101164605559,0.0,0.6025
hard,0.26,0.05,cvar0.1,0.1,20,1,81.13514313892166,0.6945397312605062,86.01613673439442,1051,0.7346385510172695,84.61290830047241,93.83096681185944,121.8306387793984,0.0025,0.6625
hard,0.26,0.05,cvar0.1,0.1,21,1,80.01744289958039,0.31614237190413963,84.49395325148505,1103,0.8113716829684563,83.58157431043789,95.19681961791487,112.11566081132523,0.0,0.6175
hard,0.26,0.05,cvar0.1,0.1,22,1,81.70371099688,0.7620722348817459,86.4024474742094,1066,0.5692436999524944,85.48802978849054,96.69295212231647,111.79177241691829,0.0,0.6975
hard,0.26,0.05,cvar0.1,0.1,23,1,80.97186246169623,0.0407018259366283,86.84667577445308,1072,0.6642384600127116,85.62051605805678,97.56300996134553,108.66020576850963,0.0,0.735
hard,0.26,0.05,cvar0.1,0.1,24,1,84.98917816377582,0.2625513959392052,91.13456896238458,1033,0.5054104020236991,90.14089377308257,104.06709508468089,131.53047424934982,0.005,0.785
hard,0.26,0.05,cvar0.1,0.1,25,1,79.7731933835293,0.21130133354182568,86.16424566106753,1008,0.5753400630201213,84.46865912104015,96.96560842492798,119.52028901647576,0.0025,0.7525
hard,0.26,0.05,cvar0.1,0.1,26,1,83.3904742773505,0.007664560530864506,88.73568522148507,1020,0.5795483280089684,87.00033445639833,99.33767623242431,120.48766193908985,0.0025,0.65
hard,0.26,0.05,cvar0.1,0.1,27,1,82.04768506323444,0.17224921978346375,87.76802309443812,1046,0.6106050820089877,86.64281473826942,99.92694429358215,134.4216675811062,0.0025,0.755
hard,0.26,0.05,cvar0.1,0.1,28,1,80.67925148687493,0.3693231100429064,85.78134686079119,1064,0.6114963669679128,85.24071064597118,97.999318943044,120.48397093905632,0.0025,0.65
hard,0.26,0.05,cvar0.1,0.1,29,1,81.69678164011573,0.6120065701646311,88.2562685359559,1047,0.5328904049820267,87.21394065779822,100.61573612160612,119.33086020240168,0.0025,0.7575
hard,0.26,0.05,cvar0.1,0.1,30,1,81.28181269822132,0.12301859081235156,89.58470666075729,1102,0.48717824899358675,88.31157448895581,103.93810419113856,120.78875290648818,0.005,0.8725
hard,0.26,0.05,cvar0.1,0.1,31,1,81.76453576651754,0.03766064513335898,87.60063976074348,1063,0.4960420339484699,85.75975025799558,97.16365516867225,107.84455554106488,0.0,0.725
hard,0.26,0.05,cvar0.1,0.1,32,1,81.83537843732692,0.20252697214473336,87.41592187927628,1101,0.5966715150279924,85.80613156442345,97.43894411313028,117.06743044490796,0.0,0.7125
hard,0.26,0.05,cvar0.1,0.1,33,1,83.01803911674425,0.20430017665884037,89.48700598959601,1037,0.6606688519823365,88.23922024462732,101.77165480525602,123.38948968838791,0.0075,0.8325
hard,0.26,0.05,cvar0.1,0.1,34,1,81.70825876941059,0.5421555825167381,85.5731614616575,1073,0.8694432399934158,85.13992440581517,95.54350904035915,131.5336095123513,0.0025,0.6175
hard,0.26,0.05,cvar0.1,0.1,35,1,86.0082793999321,0.23077608610420564,90.89607568045325,1084,0.8456711660255678,89.62585521217032,98.59205024889955,111.71884473557314,0.0,0.75
hard,0.26,0.05,cvar0.1,0.1,36,1,90.12647376878972,0.06655548523487331,98.59988153678172,993,0.7371322549879551,96.7523871646915,113.29742043805433,138.7284370833541,0.0225,0.8275
hard,0.26,0.05,cvar0.1,0.1,37,1,85.17206743879676,0.6666201878806017,90.10816437811248,1052,0.8861596880014986,89.6728460369741,102.18670871863813,112.07156120872126,0.0,0.715
hard,0.26,0.05,cvar0.1,0.1,38,1,82.2087061283031,0.48383458908092347,88.02105092322488,1050,0.6625386670348234,86.44014865311951,98.24456953385955,114.7543773300045,0.0,0.7075
hard,0.26,0.05,cvar0.1,0.1,39,1,82.05856475436438,0.6442139997909471,87.20138988095418,1079,0.6213000669959001,86.03747733284015,97.24414439637751,118.98208782747358,0.0025,0.645
hard,0.26,0.05,cvar0.1,0.1,40,1,84.2260578104064,0.0038441387649128522,90.95967831399078,1050,0.7223112999927253,90.69792486470872,105.26428837461324,141.59410888854205,0.0075,0.85
hard,0.26,0.05,cvar0.1,0.1,41,1,80.47442768093494,0.027673509132873697,87.6792239779557,1052,0.7712481709895656,86.03531545180951,98.37233869574777,112.73158581197696,0.0,0.8375
hard,0.26,0.05,cvar0.1,0.1,42,1,81.44496635589122,0.08278087566574976,88.60431382981047,1070,0.6202217889949679,87.55277858093959,102.62220517738686,127.17153914492609,0.0025,0.7875
hard,0.26,0.05,cvar0.1,0.1,43,1,82.43148313451083,1.301031709152169,85.85300890496487,1028,0.5175212539616041,85.66372300522632,95.30408795058291,118.66214034891073,0.0,0.655
hard,0.26,0.05,cvar0.1,0.1,44,1,80.53646471507298,0.22883224447016515,85.5413144738799,1056,0.6844983450137079,84.38503719356737,97.0783960391774,117.7373533010918,0.0,0.61
hard,0.26,0.05,cvar0.1,0.1,45,1,89.54289754356596,0.35397741052396103,97.30155558855793,1002,0.49165771598927677,95.30618252611494,110.40721016585381,128.39558303460106,0.02,0.75
hard,0.26,0.05,cvar0.1,0.1,46,1,82.7871712359579,0.3161004583449407,87.75560226864627,1054,0.5016311379731633,87.57246808490487,98.67771933253238,121.70330509750471,0.0025,0.8375
hard,0.26,0.05,cvar0.1,0.1,47,1,81.68761769837005,0.45252609567929314,88.49960285960876,1010,0.5162766209687106,86.8465660621829,98.43114199472784,121.23340704945466,0.0025,0.79
hard,0.26,0.05,cvar0.1,0.1,48,1,80.00652730066281,0.6088211869951916,85.36493125717087,1051,0.5727520419750363,84.53081610610491,96.97627194769021,121.80842748019869,0.0025,0.6925
hard,0.26,0.05,cvar0.1,0.1,49,1,80.41343951042383,0.29806252622600216,84.99380780362223,1117,0.580682371975854,83.73196956510382,93.48143068564957,115.97499023726033,0.0,0.655
hard,0.26,0.05,cvar0.5,0.5,0,1,80.89812205833286,0.5490760649039372,91.35732392412137,1063,0.7794099479797296,84.07686345214296,95.79368988013867,123.18689132972762,0.0025,0.5675
hard,0.26,0.05,cvar0.5,0.5,1,1,82.78005992982696,0.9126475174520321,92.66989320349764,1067,0.8333584730280563,86.09763967134433,95.63255742369805,118.58122640512377,0.0,0.605
hard,0.26,0.05,cvar0.5,0.5,2,1,82.02028970160433,0.5156671372518766,92.23556801018631,998,0.6961867500212975,86.15160183414963,96.06610979101117,122.37962262562489,0.0025,0.785
hard,0.26,0.05,cvar0.5,0.5,3,1,82.24783750367541,1.1780742043327015,91.05146306082834,1006,0.8211684010457247,85.66144209660165,96.39038432457043,121.94063275379169,0.0025,0.5575
hard,0.26,0.05,cvar0.5,0.5,4,1,81.22163899232653,0.6905788178333157,91.41262888074088,1034,0.830730143992696,85.00910305346521,96.7240638130745,124.49324777790721,0.0025,0.6525
hard,0.26,0.05,cvar0.5,0.5,5,1,81.9637731538749,0.3855145738581558,91.32330092527933,1071,0.8987524510012008,85.76214518040939,94.86751172068608,110.24715441395068,0.0,0.695
hard,0.26,0.05,cvar0.5,0.5,6,1,82.90370346456467,0.13007048666037058,93.51213102855061,1063,0.9194190750131384,87.90953793581407,102.77766676567249,121.22542504058906,0.01,0.6725
hard,0.26,0.05,cvar0.5,0.5,7,1,82.86374462211299,1.197772546505015,91.22590405549042,950,0.7151321800192818,86.09795902860519,95.3680482410671,123.78392568995169,0.0025,0.62
hard,0.26,0.05,cvar0.5,0.5,8,1,83.28529507103354,0.4265029135001872,97.03218799680931,1054,0.8225252450210974,87.33004526137252,99.48425418064193,117.4689312342448,0.0,0.7225
hard,0.26,0.05,cvar0.5,0.5,9,1,81.32284481200304,1.1049526947164132,92.24160513768595,1075,0.8865489839809015,85.25356301401115,97.86365718068019,115.01909930385989,0.0,0.6125
hard,0.26,0.05,cvar0.5,0.5,10,1,83.5550517029414,0.25699695249283216,96.70042430559988,960,0.7278656190028414,88.91563252185635,101.12876849679233,128.32252196743684,0.0075,0.7875
hard,0.26,0.05,cvar0.5,0.5,11,1,83.67688407476939,0.29097625522407244,93.87380518133895,1080,0.8836435209959745,87.32323337866923,95.72010020069838,135.43089886606006,0.005,0.73
hard,0.26,0.05,cvar0.5,0.5,12,1,83.93828606886852,0.05896949726564449,96.68316109284358,1083,0.5946650919504464,89.53649604461486,101.64277495902043,115.40902259882573,0.0,0.875
hard,0.26,0.05,cvar0.5,0.5,13,1,83.11178744385265,0.12523152740303622,91.09506387091996,1070,0.6306661110138521,85.92029602466118,96.40051068509224,109.54798470668135,0.0,0.61
hard,0.26,0.05,cvar0.5,0.5,14,1,84.54916261436202,0.16798997909191993,96.8097152210252,1071,0.5397765710367821,89.57966676919281,103.44648113724566,116.52535194346558,0.0,0.75
hard,0.26,0.05,cvar0.5,0.5,15,1,87.26725864357225,0.28646920925590225,99.22159044531844,1050,0.5454439040040597,91.71751145203586,103.0508715285851,128.88454209059472,0.0075,0.7125
hard,0.26,0.05,cvar0.5,0.5,16,1,84.13503229307173,1.1163813951878403,95.39522565429924,1073,0.6296998049947433,87.54760724341624,98.54293718725522,110.09441874404085,0.0,0.6275
hard,0.26,0.05,cvar0.5,0.5,17,1,84.97866377606172,0.6225592142843284,98.4847618976556,1065,0.5849905249779113,89.44273975783499,99.34535776735237,119.33274219459354,0.0025,0.735
hard,0.26,0.05,cvar0.5,0.5,18,1,83.82024904218332,0.4823532055378652,93.18771670536536,1154,0.6583543980377726,87.29561303065326,98.31550043977886,115.62993704904231,0.0,0.675
hard,0.26,0.05,cvar0.5,0.5,19,1,80.7263141181498,1.7232858236913433,89.50923074088406,1048,0.5864885069895536,83.53994901843163,93.95911679867508,109.56029250162462,0.0,0.56
hard,0.26,0.05,cvar0.5,0.5,20,1,81.34524718267193,0.6945397312605062,91.47191716595232,1051,0.5804735770216212,84.62530737810454,95.58587173170758,115.47616719019844,0.0,0.6625
hard,0.26,0.05,cvar0.5,0.5,21,1,80.33861944067242,0.31614237190413963,89.71962924596514,1103,0.5934083759784698,83.50186043552262,93.48915007490535,103.10358912808738,0.0,0.68
hard,0.26,0.05,cvar0.5,0.5,22,1,83.29515628432699,1.0257498209789906,91.69577460342207,1066,0.566079408978112,86.16785273810906,96.32094960642412,111.92467200912635,0.0,0.5625
hard,0.26,0.05,cvar0.5,0.5,23,1,81.73816097537203,0.0407018259366283,92.83742164905189,1072,0.6412912750383839,85.88752074492223,98.01461431257111,124.9084534484813,0.0025,0.7075
hard,0.26,0.05,cvar0.5,0.5,24,1,88.20439746314429,1.5683141591508152,97.35268948644733,1033,0.5267677220399491,91.71505328983399,104.09175906066389,135.01997232495205,0.01,0.52
hard,0.26,0.05,cvar0.5,0.5,25,1,80.06480124280971,0.46015629137536074,91.62746166536807,1008,0.520965764997527,84.75913779940512,97.62229775677949,124.72826943987813,0.0025,0.7225
hard,0.26,0.05,cvar0.5,0.5,26,1,83.89930083703558,0.3053356170599457,94.67278089446131,1020,0.5415646309847943,87.13113394459093,96.67403205937804,123.36984642073975,0.0025,0.67
hard,0.26,0.05,cvar0.5,0.5,27,1,82.30998903146153,0.17224921978346375,93.89357874321917,1046,0.570477542001754,87.17430228457735,101.0404790800179,123.22086437583512,0.0025,0.7875
hard,0.26,0.05,cvar0.5,0.5,28,1,82.66590422119536,1.3491838934012073,90.94258720222565,1064,0.5989446309977211,85.69149450139486,95.6044303066324,123.82673164218309,0.0025,0.505
hard,0.26,0.05,cvar0.5,0.5,29,1,82.15766594541586,0.6120065701646311,94.5166769179177,1047,0.6000180399860255,87.00322420438795,100.56466213056544,123.4405132306807,0.0025,0.7725
hard,0.26,0.05,cvar0.5,0.5,30,1,81.47724903945442,0.1449345111576168,96.87041974478812,1102,0.6412437650142238,87.74386460119683,101.03092678268358,113.54076202214532,0.0,0.845
hard,0.26,0.05,cvar0.5,0.5,31,1,83.09292151012237,0.03766064513335898,93.19960899193696,1063,0.6920079800183885,86.52154947664964,96.05646465258302,117.17065319274772,0.0,0.635
hard,0.26,0.05,cvar0.5,0.5,32,1,82.17056406956048,0.1137541813258034,93.31514032710258,1101,0.5850656669936143,86.21730253270434,96.46369167478596,115.39624380454698,0.0,0.7675
hard,0.26,0.05,cvar0.5,0.5,33,1,83.25040661761203,0.6195383538147139,96.33236388502242,1037,0.5583848239621148,88.6089425620074,101.60861369670691,116.15411074386168,0.0,0.8175
hard,0.26,0.05,cvar0.5,0.5,34,1,81.70825876941059,0.5421555825167381,90.43684276683204,1073,0.5942707370268181,85.13992440581517,95.54350904035915,131.5336095123513,0.0025,0.6175
hard,0.26,0.05,cvar0.5,0.5,35,1,86.53964816027327,0.23077608610420564,96.0229344090964,1084,0.5988545410218649,89.65760440705121,99.67243361131645,110.66251132806616,0.0,0.6525
hard,0.26,0.05,cvar0.5,0.5,36,1,93.49261050828815,0.856915850810809,106.57893009277157,993,0.5300122349872254,97.80444307421676,109.32648139392663,132.96687752347043,0.02,0.675
hard,0.26,0.05,cvar0.5,0.5,37,1,85.64112928196957,1.0923291605857228,95.41481577097537,1052,0.6131128119886853,89.14594915645245,100.35092723360145,109.8494501361979,0.0,0.6675
hard,0.26,0.05,cvar0.5,0.5,38,1,82.59428227603429,0.48383458908092347,94.22416944312735,1050,0.543050499050878,86.62368321225242,98.30964960756835,123.34920123256227,0.0025,0.675
hard,0.26,0.05,cvar0.5,0.5,39,1,82.40074759054721,0.7461281784506586,92.0401484762414,1079,0.6719236369826831,85.93018060744213,96.41833389441632,119.58492206759578,0.0025,0.5925
hard,0.26,0.05,cvar0.5,0.5,40,1,85.08088045113547,0.3540894550949931,98.01657868339312,1050,0.5954308090149425,90.73709254058257,105.19228577821151,131.18032696662374,0.005,0.7825
hard,0.26,0.05,cvar0.5,0.5,41,1,80.93248019448424,0.027673509132873697,95.13161293266633,1052,0.6340099120279774,86.6836109989029,101.4830650583949,117.25348992322527,0.0,0.81
hard,0.26,0.05,cvar0.5,0.5,42,1,81.40311069585297,0.08278087566574976,95.49673638431234,1070,0.6434870660305023,87.04704894615837,101.4183637374192,117.23020899555438,0.0,0.825
hard,0.26,0.05,cvar0.5,0.5,43,1,82.80020556317656,1.749585311458385,90.08826701411353,1028,0.7333673289977014,85.49629261532544,93.89718676307578,112.26527860290254,0.0,0.515
hard,0.26,0.05,cvar0.5,0.5,44,1,81.2890934290981,1.0993833943352684,91.14934355718854,1056,0.5670272699790075,84.67027506578343,96.84859193304862,112.36613603856593,0.0,0.575
hard,0.26,0.05,cvar0.5,0.5,45,1,89.80837290392196,0.35397741052396103,105.20620467936617,1002,0.5367825809516944,95.36299316554344,109.45748012818595,128.52485402601366,0.0175,0.73
hard,0.26,0.05,cvar0.5,0.5,46,1,82.80099049180251,0.3161004583449407,92.94214997023228,1054,0.5721123429830186,87.31870030455039,99.2339551860217,119.69690015509947,0.0025,0.8125
hard,0.26,0.05,cvar0.5,0.5,47,1,81.91449698996001,0.45252609567929314,95.53750448261017,1010,0.7193393619963899,86.68192312925851,98.3281457494091,111.6274385466882,0.0,0.735
hard,0.26,0.05,cvar0.5,0.5,48,1,81.09083987196382,0.5789202759990926,91.28681939002577,1051,0.6181353750289418,84.8388338894651,96.83686801942706,114.21326950593505,0.0,0.595
hard,0.26,0.05,cvar0.5,0.5,49,1,80.52655462694196,0.3229504027539103,90.32824427277284,1117,0.6617529820068739,83.7019467932319,93.49608572468476,112.7194812270622,0.0,0.6325
hard,0.26,0.05,cvar0.9,0.9,0,1,86.24027907266057,1.4522156186374333,115.96574655944701,1063,0.6322826570249163,88.12912496517812,95.58690182225169,108.05197628473294,0.0,0.52
hard,0.26,0.05,cvar0.9,0.9,1,1,86.29537786440066,2.1724388477897945,116.36457666209505,1067,0.6053215349675156,88.9169564233207,99.14280758380862,118.90568285456489,0.0025,0.515
hard,0.26,0.05,cvar0.9,0.9,2,1,84.26527277604832,0.622682880698735,118.1924630353336,998,0.665039743995294,87.5296740407453,96.91808899580738,112.33322064794484,0.0,0.615
hard,0.26,0.05,cvar0.9,0.9,3,1,83.76983662282427,1.6419877119227402,113.61265743114332,1006,0.6150879859924316,86.90089533227005,98.51166243697314,121.34097171841687,0.0025,0.5375
hard,0.26,0.05,cvar0.9,0.9,4,1,83.31281800281164,0.8823727789362663,118.09810640517168,1034,0.5803321399725974,85.8225703832448,94.19223416217237,127.84731587315655,0.0025,0.6075
hard,0.26,0.05,cvar0.9,0.9,5,1,83.92043254224699,0.6554702844261717,115.30981470641737,1071,0.572202973999083,86.91400089532071,95.47896733571993,127.53033728310109,0.0025,0.6475
hard,0.26,0.05,cvar0.9,0.9,6,1,91.00766034990694,1.2102192816146342,121.21010524803359,1063,0.7510193039779551,94.10355230679639,103.13828843697344,121.16190861673073,0.0025,0.61
hard,0.26,0.05,cvar0.9,0.9,7,1,84.58809219831419,1.118352610690092,112.28400883804645,950,0.6385210290318355,87.60663702534956,97.14364324073962,116.71065243465323,0.0,0.58
hard,0.26,0.05,cvar0.9,0.9,8,1,85.5192197133419,0.32277213796681714,138.306599144543,1054,0.7575121970148757,88.8250382576746,98.07179105717329,118.18995938188836,0.0,0.7025
hard,0.26,0.05,cvar0.9,0.9,9,1,85.58422454893628,1.2722623035492813,120.45139648128243,1075,0.6251685799797997,89.08040417899512,98.31820508380684,120.37473059085904,0.0025,0.6775
hard,0.26,0.05,cvar0.9,0.9,10,1,84.07147819366558,0.25699695249283216,135.8027813257451,960,0.45209385198540986,88.93599367550641,102.87306135104619,118.08824069094256,0.0,0.765
hard,0.26,0.05,cvar0.9,0.9,11,1,88.22861491240334,1.5361274587042808,119.89302332852802,1080,0.469687769014854,91.1715222315472,100.15328171971798,110.14639582546013,0.0,0.685
hard,0.26,0.05,cvar0.9,0.9,12,1,94.88220766465523,0.8158787626558821,128.9151937225747,1083,0.5766701370012015,98.12161177504451,107.56277760722875,129.68500128842217,0.0075,0.6525
hard,0.26,0.05,cvar0.9,0.9,13,1,85.59563812524246,0.276851076626236,110.27365106484055,1070,0.5190225319820456,87.93737483420398,95.05217442696863,111.46327515414893,0.0,0.595
hard,0.26,0.05,cvar0.9,0.9,14,1,86.65938277207391,0.2636464623904424,128.6108016290769,1071,0.8214935050345957,90.39617847478738,101.04095286941833,117.51214282599567,0.0,0.6675
hard,0.26,0.05,cvar0.9,0.9,15,1,90.02065062338431,1.3588427450469327,131.2595730712991,1050,0.8228714999859221,93.54962035263925,103.5128595055102,122.09004089503983,0.0025,0.7175
hard,0.26,0.05,cvar0.9,0.9,16,1,87.14011454227146,1.2616039260813166,126.07967792714388,1073,0.7608190980390646,90.00969050935745,99.57171366018015,114.738451985725,0.0,0.6325
hard,0.26,0.05,cvar0.9,0.9,17,1,92.9374918400805,1.6374183762159324,132.33143249637317,1065,0.7622774749761447,95.92979963977828,107.19771268196257,122.59763722034319,0.005,0.5475
hard,0.26,0.05,cvar0.9,0.9,18,1,86.81935468515138,1.8896925643999758,116.10886423344706,1154,0.7883146100211889,89.58504986114337,103.05519181597441,117.91268577818562,0.0,0.49
hard,0.26,0.05,cvar0.9,0.9,19,1,83.0553749551913,1.6988765088158315,112.25770388778173,1048,0.7811832900042646,85.65258108611305,95.08633868758658,120.45603829231774,0.0025,0.6225
hard,0.26,0.05,cvar0.9,0.9,20,1,82.97755720285589,0.84427360014991,117.39611354411207,1051,0.7151921230251901,85.69804276282507,93.96158641655506,113.57876987111821,0.0,0.5675
hard,0.26,0.05,cvar0.9,0.9,21,1,83.09884973147881,1.7811018795872435,111.9060145243649,1103,0.9322586850030348,85.42288803011925,93.41837398975203,104.3115999025386,0.0,0.535
hard,0.26,0.05,cvar0.9,0.9,22,1,86.09031378925022,1.8595273929989669,109.52084805699488,1066,0.7653479989967309,88.42844237410776,97.46347199383551,111.04299640042088,0.0,0.4725
hard,0.26,0.05,cvar0.9,0.9,23,1,83.54573456606502,0.0407018259366283,121.89553096131347,1072,0.7185394610278308,87.44049921818993,99.25887682984252,112.89762274230911,0.0,0.675
hard,0.26,0.05,cvar0.9,0.9,24,1,90.98383657435572,1.8790709423426781,122.02029597286588,1033,0.5137614170089364,93.77087966274217,103.36480026653467,117.34666250815079,0.0,0.61
hard,0.26,0.05,cvar0.9,0.9,25,1,83.9416445375481,1.436244041297317,123.49597029563922,1008,0.7400791150284931,87.53104861215604,99.0994381344693,117.94703500520556,0.0,0.6625
hard,0.26,0.05,cvar0.9,0.9,26,1,87.71064285545397,1.4219488913893006,123.26848731201845,1020,0.7484018660034053,90.69117701493758,101.11239943065195,120.85111884546224,0.005,0.5825
hard,0.26,0.05,cvar0.9,0.9,27,1,87.03240261455997,0.970454435742858,122.33171014996417,1046,0.5803273709607311,90.09464835552865,98.4673460737122,120.28005310613042,0.0025,0.6475
hard,0.26,0.05,cvar0.9,0.9,28,1,83.4926380028031,2.0201516071097965,111.0887745445937,1064,0.569696857011877,86.31113675177671,95.50723606731309,125.71115494967093,0.0025,0.495
hard,0.26,0.05,cvar0.9,0.9,29,1,84.62940734703562,1.1955825378344365,125.57158542030936,1047,0.5329127869918011,88.5600526432701,99.79237173604439,125.46057329623622,0.0025,0.7
hard,0.26,0.05,cvar0.9,0.9,30,1,91.41584259668728,0.23465369934381286,135.7975575882696,1102,0.6150891070137732,95.45815175158363,106.88574717746319,126.62739093503981,0.0075,0.6925
hard,0.26,0.05,cvar0.9,0.9,31,1,84.00089628351698,0.03766064513335898,121.57289390801482,1063,0.6270679099834524,87.09880153889121,96.09108161809499,115.22441864669187,0.0,0.6425
hard,0.26,0.05,cvar0.9,0.9,32,1,84.6771701103793,0.42358842567354404,123.7702677058515,1101,0.5757218460203148,87.88968735236254,97.62268158953752,115.00970340686288,0.0,0.6725
hard,0.26,0.05,cvar0.9,0.9,33,1,86.2185362082866,1.1510096400053094,134.07153444081408,1037,0.4626039289869368,90.45138456781318,102.55341791030004,132.14897513879322,0.01,0.7275
hard,0.26,0.05,cvar0.9,0.9,34,1,83.98316175722158,0.5421555825167381,112.42825872313671,1073,0.6214809000375681,86.7008592412749,96.19580865699348,112.88351817626386,0.0,0.5625
hard,0.26,0.05,cvar0.9,0.9,35,1,88.0406836151901,1.4275979735940147,118.66573302168223,1084,0.6058810220565647,90.56592925422869,98.87047617795777,119.86083871337054,0.0025,0.615
hard,0.26,0.05,cvar0.9,0.9,36,1,95.93933946464045,0.856915850810809,143.20810632897985,993,0.46564963599666953,99.54009233280289,110.23866324162194,134.4863760049374,0.015,0.655
hard,0.26,0.05,cvar0.9,0.9,37,1,87.85841434990905,1.541357726161003,118.10937621660254,1052,0.5679371900041588,90.56620392746898,99.1597824175597,119.3649361464925,0.0025,0.665
hard,0.26,0.05,cvar0.9,0.9,38,1,83.47601668017609,0.48383458908092347,127.63772095867361,1050,0.658714299031999,87.7850405221117,100.20826844283737,125.00138662140299,0.0075,0.745
hard,0.26,0.05,cvar0.9,0.9,39,1,85.40848629982895,1.5900237351143043,115.11131822209086,1079,0.6341204110067338,88.47619085996158,99.34312406389095,137.9482139268046,0.005,0.5275
hard,0.26,0.05,cvar0.9,0.9,40,1,92.41465813924982,0.2666635816936882,134.3076722484428,1050,0.5023239179863594,96.34710060391771,105.217727348426,122.89651945378874,0.005,0.785
hard,0.26,0.05,cvar0.9,0.9,41,1,86.39615944614047,1.3077927727265726,125.52447748765135,1052,0.5473977159708738,89.59561105878747,99.86386618696143,120.06573891588255,0.0025,0.6725
hard,0.26,0.05,cvar0.9,0.9,42,1,87.12107413629894,1.45424120524361,127.140953913146,1070,0.5721560250385664,90.71424512243922,101.45675342730227,119.13862380393519,0.0025,0.6625
hard,0.26,0.05,cvar0.9,0.9,43,1,85.0594630195891,2.31446285011775,106.39342469481393,1028,0.5185495370533317,87.54099748016216,96.37163965835326,127.5640145841943,0.0025,0.4675
hard,0.26,0.05,cvar0.9,0.9,44,1,84.16548158836653,1.68859283387454,116.71036049277902,1056,0.5679384529939853,87.10265874159552,97.01388052508204,112.6467385752429,0.0,0.52
hard,0.26,0.05,cvar0.9,0.9,45,1,96.16250265711714,1.1568562225146621,145.9924639210048,1002,0.5282710029860027,99.84354472174633,110.70639044610263,128.72862976183268,0.0175,0.66
hard,0.26,0.05,cvar0.9,0.9,46,1,85.34368016416082,0.3797701856236011,116.05909379709776,1054,0.6667815970140509,88.80222575634794,97.52813311679242,110.20873195270048,0.0,0.7475
hard,0.26,0.05,cvar0.9,0.9,47,1,83.05681604323654,0.45252609567929314,136.36279553851747,1010,0.5555976169998758,86.93890857590901,97.00198992040298,122.38402898147015,0.0025,0.72
hard,0.26,0.05,cvar0.9,0.9,48,1,83.6539204747351,0.999733555288195,116.51337322125764,1051,0.4957038349821232,86.53207492682017,95.66853247642347,110.4840674385266,0.0,0.635
hard,0.26,0.05,cvar0.9,0.9,49,1,83.62550448033124,2.190325740566129,112.56754067530333,1117,0.6531218170421198,85.73239747600728,93.52739465404612,116.27807444296866,0.0,0.46
hard,0.26,0.1,rrtstar,,0,1,80.26128336893979,0.003668331973508021,80.26128336893979,1063,0.23785626800963655,88.68285058171672,115.82683739789402,167.534767494649,0.0375,0.5825
hard,0.26,0.1,rrtstar,,1,1,81.73939522551508,0.3447202572100463,81.73939522551508,1067,0.17500395502429456,92.36549292745829,118.782550047338,170.22602840700628,0.05,0.7075
hard,0.26,0.1,rrtstar,,2,1,81.2683358201402,0.04660107158871529,81.26833582014021,998,0.1827196289668791,92.4367639191027,118.9039992941731,150.1181149327955,0.0525,0.715
hard,0.26,0.1,rrtstar,,3,1,80.22587453543257,0.08982992866575179,80.22587453543255,1006,0.18602312298025936,90.48869481507667,120.06223114558001,177.661457234754,0.0525,0.69
hard,0.26,0.1,rrtstar,,4,1,80.52182888662979,0.03217671214858653,80.52182888662979,1034,0.23414264904567972,90.32933269599569,114.92988275263684,152.63549885301006,0.0375,0.715
hard,0.26,0.1,rrtstar,,5,1,80.40529761340437,0.020545648989911403,80.40529761340439,1071,0.2536447719903663,91.57629550898524,119.72349427186016,162.00209648807277,0.0575,0.7
hard,0.26,0.1,rrtstar,,6,1,81.70901036551298,0.006382150716723434,81.70901036551295,1063,0.26963073801016435,95.80877373101033,130.60642550466144,189.00655742183363,0.0825,0.8
hard,0.26,0.1,rrtstar,,7,1,82.54253159430368,0.05544108234067524,82.54253159430367,950,0.2513005610089749,94.97253814373484,124.83993189516941,176.2317036894006,0.0875,0.7675
hard,0.26,0.1,rrtstar,,8,1,82.34878511643308,0.01733785896722928,82.34878511643308,1054,0.1730411850148812,94.29716259122844,119.13033273409071,151.49207709843236,0.06,0.8225
hard,0.26,0.1,rrtstar,,9,1,80.72476636025351,0.36345887601260474,80.7247663602535,1075,0.18008657201426104,92.03362532619639,122.11549021338865,172.052706832426,0.065,0.6825
hard,0.26,0.1,rrtstar,,10,1,81.7640794228919,0.024191338615435765,81.76407942289188,960,0.15672495297621936,96.49757073892982,124.73763823325224,166.69647227652146,0.0825,0.8575
hard,0.26,0.1,rrtstar,,11,1,82.88994114050935,0.14523382416621144,82.88994114050935,1080,0.20205261203227565,94.4920786148855,122.70212100389517,171.9778819313279,0.0625,0.755
hard,0.26,0.1,rrtstar,,12,1,81.53188754054231,0.04833697328597486,81.5318875405423,1083,0.1719482879852876,96.1810858037286,130.39096464697462,164.84702850494546,0.09,0.8725
hard,0.26,0.1,rrtstar,,13,1,81.57213516016044,0.02734463280275934,81.57213516016044,1070,0.18085566494846717,93.66342041481275,125.37275166903129,164.9182891955922,0.07,0.805
hard,0.26,0.1,rrtstar,,14,1,84.07673300919133,0.16798997909191993,84.07673300919133,1071,0.1657554330304265,95.53479509468917,120.8561791724929,166.7412206507043,0.0625,0.7525
hard,0.26,0.1,rrtstar,,15,1,85.49765482713116,0.11059991835458316,85.49765482713116,1050,0.1622414409648627,101.38450408463835,135.3239531905306,185.6350289507043,0.15,0.8275
hard,0.26,0.1,rrtstar,,16,1,81.40547189845101,0.03636023765494034,81.40547189845101,1073,0.1652423430350609,95.27294409185325,127.52464554588951,168.38132264612454,0.09,0.82
hard,0.26,0.1,rrtstar,,17,1,83.88173079297863,0.1361392613130108,83.8817307929786,1065,0.16048043098999187,95.8560376419298,123.2851512846172,157.51272400016975,0.08,0.76
hard,0.26,0.1,rrtstar,,18,1,82.20443071376017,0.31850986861948405,82.20443071376016,1154,0.17165163799654692,93.94688366007941,121.48388977600605,175.11816501772202,0.06,0.765
hard,0.26,0.1,rrtstar,,19,1,80.25483406675356,0.039907282072165096,80.25483406675356,1048,0.15670779097126797,88.71825682329228,111.45972792226871,161.53827359861432,0.035,0.66
hard,0.26,0.1,rrtstar,,20,1,80.85734534634419,0.26270124056919864,80.8573453463442,1051,0.16002816701075062,89.11631783074948,113.88082116232148,141.42995961627255,0.0275,0.6375
hard,0.26,0.1,rrtstar,,21,1,79.77833359251667,0.20018141214256557,79.77833359251666,1103,0.16512308700475842,87.98014717933867,112.1540367086765,177.31041268431565,0.03,0.6425
hard,0.26,0.1,rrtstar,,22,1,80.0456644137755,0.036928452076827156,80.0456644137755,1066,0.16851452802075073,93.797290963911,126.9701556308698,175.25028302247202,0.0775,0.7475
hard,0.26,0.1,rrtstar,,23,1,80.85642423357702,0.0407018259366283,80.85642423357699,1072,0.16101174597861245,93.87155887082125,124.28680356675572,168.83899567508783,0.075,0.7675
hard,0.26,0.1,rrtstar,,24,1,83.92767003364796,0.026576683530807,83.92767003364797,1033,0.1897015559952706,100.53118019673246,138.76387548765456,213.15628990041301,0.145,0.875
hard,0.26,0.1,rrtstar,,25,1,79.67940716314781,0.21130133354182568,79.67940716314781,1008,0.16294057201594114,90.23567059581406,115.49897083067124,157.67310543908243,0.0375,0.7725
hard,0.26,0.1,rrtstar,,26,1,82.4945790372651,0.29178701855983036,82.4945790372651,1020,0.16327756899408996,93.01589372525598,119.71257311386567,172.46936177074284,0.0575,0.67
hard,0.26,0.1,rrtstar,,27,1,81.86430324033404,0.04431291648540059,81.86430324033401,1046,0.15989311097655445,92.820496705106,120.12519574586999,170.6899042492861,0.0525,0.6975
hard,0.26,0.1,rrtstar,,28,1,79.97645289291728,0.047155528808809244,79.97645289291727,1064,0.17293018399504945,92.38070246087605,128.61640432660704,191.7259501197202,0.08,0.7125
hard,0.26,0.1,rrtstar,,29,1,80.81218799695247,0.0554286348892572,80.81218799695246,1047,0.16534675000002608,94.21248981777386,122.6137317170279,163.18037008696982,0.075,0.8175
hard,0.26,0.1,rrtstar,,30,1,80.89425178977959,0.12301859081235156,80.89425178977957,1102,0.17306930699851364,95.8039655746409,127.7638665436582,180.4280377300473,0.0875,0.845
hard,0.26,0.1,rrtstar,,31,1,81.37548518155045,0.03766064513335898,81.37548518155045,1063,0.1649224580032751,93.76992587242847,122.3105652673807,156.85279499880178,0.0625,0.77
hard,0.26,0.1,rrtstar,,32,1,80.87569119517617,0.07198557311562381,80.87569119517619,1101,0.17545543803134933,92.23454648385231,118.75552820760655,167.67278293104317,0.05,0.8075
hard,0.26,0.1,rrtstar,,33,1,82.9065279464248,0.20430017665884037,82.90652794642479,1037,0.16217677801614627,96.54261303237556,129.0002460338448,159.38971576045574,0.085,0.805
hard,0.26,0.1,rrtstar,,34,1,81.1760698709675,0.026758683371987724,81.1760698709675,1073,0.16568707302212715,90.02994787700788,114.75452883283762,155.3710360891013,0.0325,0.655
hard,0.26,0.1,rrtstar,,35,1,85.85755459276815,0.23077608610420564,85.85755459276815,1084,0.1662771090050228,97.1659797298082,128.03192216473767,168.3475780193819,0.11,0.6675
hard,0.26,0.1,rrtstar,,36,1,89.93995787496925,0.07199831381771382,89.93995787496927,993,0.2063882170477882,103.65477979071167,134.29369844086858,187.49975568635736,0.1575,0.7775
hard,0.26,0.1,rrtstar,,37,1,83.93732585955998,0.011783072940765082,83.93732585955999,1052,0.1610834720195271,97.2964975075534,130.30788745781862,163.11360256534064,0.1025,0.77
hard,0.26,0.1,rrtstar,,38,1,81.65661693265653,0.02557108441548772,81.65661693265653,1050,0.15546502196229994,92.2998321950685,125.67917115015653,176.54291886207844,0.0675,0.745
hard,0.26,0.1,rrtstar,,39,1,80.36692873524333,0.004673721393169572,80.36692873524332,1079,0.15933996596140787,93.38862420855509,124.33301542779743,199.48504170784452,0.065,0.81
hard,0.26,0.1,rrtstar,,40,1,84.08242699619535,0.0038660621434205567,84.08242699619534,1050,0.227435561013408,98.35364963835427,126.23817489981184,206.299308230654,0.095,0.8775
hard,0.26,0.1,rrtstar,,41,1,80.0640955080935,0.027673509132873697,80.06409550809349,1052,0.234382632013876,94.89405068277247,122.23654654409538,167.05395316740086,0.08,0.825
hard,0.26,0.1,rrtstar,,42,1,81.17351999586434,0.08278087566574976,81.17351999586434,1070,0.23356388398678973,94.380428452532,128.21298338911186,175.61554686619945,0.0675,0.8125
hard,0.26,0.1,rrtstar,,43,1,81.15174958506091,0.3056976426739726,81.15174958506093,1028,0.22636692103696987,91.06376820549912,118.6226890623033,179.8389637986708,0.045,0.7
hard,0.26,0.1,rrtstar,,44,1,79.73575395667021,0.17359066527051414,79.73575395667021,1056,0.16315378504805267,91.54709277122856,120.292851843392,177.18230627511124,0.06,0.74
hard,0.26,0.1,rrtstar,,45,1,88.94997598176346,0.1661431371861397,88.94997598176344,1002,0.1573521279497072,103.90298504747133,135.38364376275507,190.3552212651984,0.1825,0.7875
hard,0.26,0.1,rrtstar,,46,1,82.38467260769474,0.10418592738858301,82.38467260769474,1054,0.1619476960040629,94.12712997952572,120.901852703207,168.49667551187213,0.0625,0.815
hard,0.26,0.1,rrtstar,,47,1,81.2603832734892,0.008449492440629314,81.26038327348921,1010,0.15906283201184124,93.53626220287373,122.55986800531538,165.52659396228538,0.065,0.7925
hard,0.26,0.1,rrtstar,,48,1,80.01470879251856,0.25914045018062204,80.01470879251858,1051,0.1584008499630727,90.57237787604849,124.06524559142339,166.98538096686772,0.065,0.7025
hard,0.26,0.1,rrtstar,,49,1,79.89285056833695,0.1016655962939983,79.89285056833694,1117,0.16155147599056363,89.93631468371248,116.66241928440782,171.05273208396727,0.0475,0.6675
hard,0.26,0.1,neutral,0.0,0,1,80.86104835248042,0.5490760649039372,88.35597590361274,1063,0.2638793570222333,87.4940667508066,112.99934737723446,164.55293946896177,0.0225,0.525
hard,0.26,0.1,neutral,0.0,1,1,82.78005992982696,0.9126475174520321,89.53372704866604,1067,0.27858785999706015,89.4152194128617,108.48505491756912,154.38239288042058,0.0225,0.605
hard,0.26,0.1,neutral,0.0,2,1,82.17689116142272,0.5156671372518766,88.72301176969988,998,0.24292745400452986,90.54898712907897,117.69466785733754,162.96561488213314,0.05,0.7825
hard,0.26,0.1,neutral,0.0,3,1,82.24783750367541,1.1780742043327015,87.67595603274317,1006,0.2890985470148735,89.07504668952788,110.53293114546545,161.6334280039079,0.0275,0.5575
hard,0.26,0.1,neutral,0.0,4,1,81.5024589757724,0.6905788178333157,88.72433660657376,1034,0.2586014510015957,89.03860026651716,112.23381420276128,167.95376955220104,0.025,0.6475
hard,0.26,0.1,neutral,0.0,5,1,81.9637731538749,0.3855145738581558,88.30196767731498,1071,0.3257540740305558,89.5605172069439,107.77125028749734,138.53053567402648,0.02,0.695
hard,0.26,0.1,neutral,0.0,6,1,82.90370346456467,0.13007048666037058,90.18548774004395,1063,0.28481273597572,92.91537240706351,122.65163006678029,159.54714661661347,0.06,0.6725
hard,0.26,0.1,neutral,0.0,7,1,82.86374462211299,1.197772546505015,88.04586349787229,950,0.23220932501135394,89.33217343509736,107.87235186002114,164.70410675779036,0.02,0.62
hard,0.26,0.1,neutral,0.0,8,1,83.28529507103354,0.4265029135001872,93.84318117203465,1054,0.27658122597495094,91.37479545171152,115.68321329025032,151.65256739745612,0.03,0.7225
hard,0.26,0.1,neutral,0.0,9,1,81.32284481200304,1.1049526947164132,89.36230365732573,1075,0.28379716601921245,89.18428121601923,114.40446954935734,148.71535379571674,0.04,0.6125
hard,0.26,0.1,neutral,0.0,10,1,83.55517920386656,0.25699695249283216,93.62721746436937,960,0.24264497897820547,93.28360390013484,119.25477791803192,139.99393500640278,0.055,0.8025
hard,0.26,0.1,neutral,0.0,11,1,83.564524411389,0.29097625522407244,90.67212293202132,1080,0.2884409940452315,91.35267386987614,109.67852659766007,187.38436379884618,0.02,0.73
hard,0.26,0.1,neutral,0.0,12,1,83.93828606886852,0.05896949726564449,93.57742847513083,1083,0.29254960996331647,95.13470602036122,119.34726384917232,146.87975912878292,0.055,0.875
hard,0.26,0.1,neutral,0.0,13,1,83.11178744385265,0.12523152740303622,87.89077922247088,1070,0.3064065519720316,88.72880460546975,109.68923392633187,135.98418196951008,0.02,0.61
hard,0.26,0.1,neutral,0.0,14,1,84.77363437012036,0.22718101325423135,93.60804508457338,1071,0.2802116190432571,93.5102147536144,117.5946023813748,159.38179900600517,0.045,0.73
hard,0.26,0.1,neutral,0.0,15,1,87.26725864357225,0.28646920925590225,95.91868706246696,1050,0.37414529302623123,96.16776426049947,118.83448441359796,170.50182553761715,0.0525,0.7125
hard,0.26,0.1,neutral,0.0,16,1,84.13503229307173,1.1163813951878403,91.93576389588111,1073,0.414102120033931,90.96018219376076,112.95084208143867,136.05380519500997,0.0275,0.6275
hard,0.26,0.1,neutral,0.0,17,1,84.97866377606172,0.6225592142843284,95.14551642743969,1065,0.3938907560077496,93.90681573960825,113.71205175864301,153.68682061312535,0.0425,0.735
hard,0.26,0.1,neutral,0.0,18,1,83.90426631644124,0.4823532055378652,90.05875440555106,1154,0.31260435801232234,90.24832232591334,109.35565142245085,143.38620616085757,0.0175,0.635
hard,0.26,0.1,neutral,0.0,19,1,80.7263141181498,1.7232858236913433,86.39584336389437,1048,0.2652432750328444,86.35358391871345,107.19191947920035,138.39427088509944,0.0225,0.56
hard,0.26,0.1,neutral,0.0,20,1,81.34524718267193,0.6945397312605062,88.37897971411418,1051,0.26482078700792044,87.90536757353713,109.82649628074326,149.60708719772495,0.025,0.6625
hard,0.26,0.1,neutral,0.0,21,1,80.33861944067242,0.31614237190413963,86.5162977333784,1103,0.3045676369802095,86.6651014303728,106.63968070913828,125.86855881550237,0.005,0.68
hard,0.26,0.1,neutral,0.0,22,1,83.29515628432699,1.0257498209789906,88.50310480207426,1066,0.2779428000212647,89.04054919189115,109.34674292852127,140.5541877339257,0.015,0.5625
hard,0.26,0.1,neutral,0.0,23,1,81.73816097537203,0.0407018259366283,89.87307448396277,1072,0.32585693802684546,90.00995694565125,114.15432003766483,172.58152937074937,0.04,0.735
hard,0.26,0.1,neutral,0.0,24,1,88.20439746314429,1.5683141591508152,93.85698368045564,1033,0.26017104799393564,95.22570911652369,119.97912065818352,181.83554718675978,0.06,0.52
hard,0.26,0.1,neutral,0.0,25,1,80.06702855521607,0.46015629137536074,88.53649681207061,1008,0.2697585909627378,88.79063868258142,110.3856309934732,146.90319380489146,0.02,0.75
hard,0.26,0.1,neutral,0.0,26,1,83.89930083703558,0.3053356170599457,91.50698455110205,1020,0.3188701920444146,90.36296705214629,109.44876328172047,162.8403920044439,0.02,0.67
hard,0.26,0.1,neutral,0.0,27,1,82.19602050379524,0.17224921978346375,90.8234824614953,1046,0.332837292982731,91.2342731122186,113.95549374919993,176.9981437336238,0.0325,0.765
hard,0.26,0.1,neutral,0.0,28,1,82.89008192866422,1.7129777492819809,87.83183290600238,1064,0.30234021600335836,88.65169847280126,108.52371962049112,154.19939235184773,0.015,0.5075
hard,0.26,0.1,neutral,0.0,29,1,82.92955919419055,1.1955825378344365,91.52181737525461,1047,0.293702730035875,91.3820435796651,115.45099908278227,168.70891240668595,0.04,0.7175
hard,0.26,0.1,neutral,0.0,30,1,81.99890611050064,0.1449345111576168,93.86799325443936,1102,0.29543878196273,94.71474399490046,121.23397931608285,162.08568216592838,0.0625,0.86
hard,0.26,0.1,neutral,0.0,31,1,83.09292151012237,0.03766064513335898,89.98483135119197,1063,0.270532252965495,89.95017744317691,109.02000779504368,151.24838487537306,0.02,0.635
hard,0.26,0.1,neutral,0.0,32,1,82.53302538224888,0.42358842567354404,90.15801641852215,1101,0.28205032501136884,89.86362541068341,110.71572885684154,141.2539462463802,0.0175,0.71
hard,0.26,0.1,neutral,0.0,33,1,83.25040661761203,0.6195383538147139,93.21108862524481,1037,0.25023500696988776,93.9674785064028,119.96682077580184,149.05781487011137,0.0525,0.8175
hard,0.26,0.1,neutral,0.0,34,1,81.70825876941059,0.5421555825167381,87.1513217485587,1073,0.43033707694849,88.57159004221968,109.37875931130769,181.35896025529198,0.02,0.6175
hard,0.26,0.1,neutral,0.0,35,1,86.53964816027327,0.23077608610420564,92.7011851934956,1084,0.2698989260243252,92.77556065382913,112.80521906235964,134.7853744958591,0.025,0.6525
hard,0.26,0.1,neutral,0.0,36,1,93.49261050828815,0.856915850810809,102.96808258892487,993,0.23572098196018487,102.02357907473873,128.28204372243684,168.88061838840937,0.09,0.7
hard,0.26,0.1,neutral,0.0,37,1,85.6803536416124,1.0923291605857228,92.07481364508335,1052,0.27921942400280386,93.811126269961,120.0632099699676,175.39669415798463,0.0575,0.665
hard,0.26,0.1,neutral,0.0,38,1,82.59428227603429,0.48383458908092347,91.15861426463717,1050,0.26500251999823377,91.21360099795939,119.240644820705,181.25141077908555,0.0525,0.685
hard,0.26,0.1,neutral,0.0,39,1,82.40074759054721,0.7461281784506586,88.96128182967333,1079,0.2751981219626032,89.45961362433705,110.43592019828543,156.76909654464438,0.03,0.5925
hard,0.26,0.1,neutral,0.0,40,1,85.08088045113547,0.3540894550949931,94.67578779912658,1050,0.28628846496576443,96.39330463002968,125.30369110528758,177.27977348211192,0.075,0.7825
hard,0.26,0.1,neutral,0.0,41,1,84.0696950439088,0.7521048796410543,91.86819023504357,1052,0.29451574699487537,92.34795305708477,115.85353069443359,194.3740859408971,0.0425,0.705
hard,0.26,0.1,neutral,0.0,42,1,81.44962716020198,0.08278087566574976,92.53047335624542,1070,0.2776583629893139,93.15825020361477,119.5418669058108,162.85471627103988,0.0575,0.8425
hard,0.26,0.1,neutral,0.0,43,1,82.80020556317656,1.749585311458385,86.92621378299683,1028,0.2943975030211732,88.58210353737337,107.45615297819282,148.58287330244545,0.0225,0.54
hard,0.26,0.1,neutral,0.0,44,1,81.2890934290981,1.0993833943352684,87.89081620782191,1056,0.3318480220041238,88.05145670246877,112.40809043699917,143.44317864803372,0.0225,0.575
hard,0.26,0.1,neutral,0.0,45,1,89.81547609638542,0.35397741052396103,101.84328226815653,1002,0.28649553598370403,101.20193622111564,127.6507351963158,177.26345037603923,0.1025,0.77
hard,0.26,0.1,neutral,0.0,46,1,82.88790330841927,0.3161004583449407,89.79548689912058,1054,0.3943686690181494,92.50741652991384,117.83388774013352,157.69764256014085,0.0475,0.825
hard,0.26,0.1,neutral,0.0,47,1,81.91449698996001,0.45252609567929314,92.40894226532568,1010,0.38427317701280117,91.44934926855699,114.7417945088582,141.3403801034164,0.04,0.735
hard,0.26,0.1,neutral,0.0,48,1,80.94596905244808,0.5789202759990926,88.21130861680676,1051,0.4015656940173358,88.63386068997774,112.58873364457924,147.10058283632495,0.0275,0.6025
hard,0.26,0.1,neutral,0.0,49,1,80.52655462694196,0.3229504027539103,87.21668761443921,1117,0.38937175495084375,86.87733895952182,106.46561682242758,144.91240782718245,0.0125,0.6325
hard,0.26,0.1,cvar0.1,0.1,0,1,80.86104835248042,0.5490760649039372,90.68419197052059,1063,0.5226611889665946,87.4940667508066,112.99934737723446,164.55293946896177,0.0225,0.525
hard,0.26,0.1,cvar0.1,0.1,1,1,83.40192903317553,1.5596882114906174,91.82934288187178,1067,0.5808136999839917,89.90638918894896,113.89997763370862,140.88108701683612,0.0275,0.565
hard,0.26,0.1,cvar0.1,0.1,2,1,82.17829929621533,0.5156671372518766,91.02511297592854,998,0.49110105395084247,90.17448700540648,114.91007770048195,165.74862292430768,0.035,0.755
hard,0.26,0.1,cvar0.1,0.1,3,1,82.40106177566066,1.1780742043327015,89.90026916076759,1006,0.5562711890088394,89.27975054144153,114.44463333714462,142.03081116889172,0.03,0.5975
hard,0.26,0.1,cvar0.1,0.1,4,1,81.18709294356617,0.6905788178333157,91.01887339857203,1034,0.8682260699570179,88.75557637185503,110.76521907932931,148.99188477477674,0.0225,0.6425
hard,0.26,0.1,cvar0.1,0.1,5,1,81.9637731538749,0.3855145738581558,90.54963879150621,1071,0.7438327599666081,89.5605172069439,107.77125028749734,138.53053567402648,0.02,0.695
hard,0.26,0.1,cvar0.1,0.1,6,1,82.90370346456467,0.13007048666037058,92.56778878240723,1063,0.5710330620058812,92.91537240706351,122.65163006678029,159.54714661661347,0.06,0.6725
hard,0.26,0.1,cvar0.1,0.1,7,1,82.80040506657221,1.197772546505015,90.06977188354597,950,0.3779969640308991,89.2656588617785,108.26773387267396,165.4336373716898,0.02,0.6175
hard,0.26,0.1,cvar0.1,0.1,8,1,83.43919503544785,0.4265029135001872,96.5949022496201,1054,0.5809195499750786,92.3397973851598,116.18242085475136,156.7361827944117,0.0375,0.7525
hard,0.26,0.1,cvar0.1,0.1,9,1,81.37220659419667,1.1049526947164132,91.75605678946741,1075,0.7741746829706244,89.09917026202928,114.05586775221866,148.3408918566962,0.0375,0.605
hard,0.26,0.1,cvar0.1,0.1,10,1,83.52534745189959,0.25699695249283216,96.261888125051,960,0.6511671720072627,93.58172140225408,121.358772706787,145.75895490239932,0.0725,0.795
hard,0.26,0.1,cvar0.1,0.1,11,1,83.56774685786536,0.29097625522407244,93.06950071594332,1080,0.7731672590016387,91.31001698288017,111.84339056854292,154.0601429144297,0.035,0.7425
hard,0.26,0.1,cvar0.1,0.1,12,1,83.94492677494519,0.05896949726564449,96.24847280720275,1083,0.5133776520378888,95.14428384659088,119.50728827463671,146.8803356745158,0.055,0.875
hard,0.26,0.1,cvar0.1,0.1,13,1,83.11178744385265,0.12523152740303622,90.02748754167042,1070,0.5877098250202835,88.72880460546975,109.68923392633187,135.98418196951008,0.02,0.61
hard,0.26,0.1,cvar0.1,0.1,14,1,84.77363437012036,0.22718101325423135,96.22006249937908,1071,0.4420081579592079,93.5102147536144,117.5946023813748,159.38179900600517,0.045,0.73
hard,0.26,0.1,cvar0.1,0.1,15,1,87.46443232112607,0.28646920925590225,98.55519042119963,1050,0.47603946400340647,96.31533935670711,120.83325460920057,146.82508290201895,0.0625,0.7
hard,0.26,0.1,cvar0.1,0.1,16,1,84.19667202312843,1.1163813951878403,94.55598890448161,1073,0.6388305340078659,90.88771479626324,112.403932976918,135.67274491522068,0.025,0.6325
hard,0.26,0.1,cvar0.1,0.1,17,1,85.10244518480113,0.6225592142843284,97.95623497879721,1065,0.5589275210513733,93.7223556400057,116.60773875303562,151.0777853300447,0.045,0.7425
hard,0.26,0.1,cvar0.1,0.1,18,1,84.08022743520274,0.8562160074608087,92.34479980147682,1154,0.6544681219966151,90.70522017777574,109.8137367149941,151.73524646826496,0.0275,0.635
hard,0.26,0.1,cvar0.1,0.1,19,1,80.7263141181498,1.7232858236913433,88.58708201316067,1048,0.5534016749588773,86.35358391871345,107.19191947920035,138.39427088509944,0.0225,0.56
hard,0.26,0.1,cvar0.1,0.1,20,1,81.42347776329119,0.6945397312605062,90.69616479405786,1051,0.5385862109833397,88.22351369855787,111.34869131014025,155.667641630554,0.03,0.6525
hard,0.26,0.1,cvar0.1,0.1,21,1,80.41007798840712,0.31614237190413963,88.76639685318399,1103,0.5949966380139813,87.57838266295904,111.52254465621202,139.0573908338035,0.025,0.67
hard,0.26,0.1,cvar0.1,0.1,22,1,83.0525215082712,1.0257498209789906,90.33606784519273,1066,0.5723037850111723,89.06231129872226,110.8729085385679,139.15261478343157,0.025,0.575
hard,0.26,0.1,cvar0.1,0.1,23,1,82.23123815705652,0.0407018259366283,92.28501152554391,1072,0.5624449989991263,90.04732885080968,114.75061212080553,143.63112471480102,0.035,0.715
hard,0.26,0.1,cvar0.1,0.1,24,1,88.20439746314429,1.5683141591508152,96.20458474347956,1033,0.4848610089975409,95.22570911652369,119.97912065818352,181.83554718675978,0.06,0.52
hard,0.26,0.1,cvar0.1,0.1,25,1,80.06702855521607,0.46015629137536074,90.99604298773488,1008,0.49915724201127887,88.79063868258142,110.3856309934732,146.90319380489146,0.02,0.75
hard,0.26,0.1,cvar0.1,0.1,26,1,84.15606965165657,0.3053356170599457,93.92181966839752,1020,0.5531350309611298,90.35637516069181,112.01958071988781,158.38272549200062,0.0275,0.63
hard,0.26,0.1,cvar0.1,0.1,27,1,82.19602050379524,0.17224921978346375,93.36778487001345,1046,0.5634761389810592,91.2342731122186,113.95549374919993,176.9981437336238,0.0325,0.765
hard,0.26,0.1,cvar0.1,0.1,28,1,83.01111437336587,1.892845410659171,89.96437148763073,1064,0.5678076960030012,88.56737515557226,108.48625399762054,156.77770182335132,0.0175,0.4975
hard,0.26,0.1,cvar0.1,0.1,29,1,82.92955919419055,1.1955825378344365,94.01337189647265,1047,0.44310345803387463,91.3820435796651,115.45099908278227,168.70891240668595,0.04,0.7175
hard,0.26,0.1,cvar0.1,0.1,30,1,82.26997947585173,0.1449345111576168,96.97617901702411,1102,0.48463231697678566,93.7252758437059,118.79009984487816,154.55409760955192,0.05,0.855
hard,0.26,0.1,cvar0.1,0.1,31,1,83.15742881833852,0.03766064513335898,92.40247622688213,1063,0.44438336801249534,89.84565742545459,109.33104029776833,151.12273338594363,0.02,0.625
hard,0.26,0.1,cvar0.1,0.1,32,1,82.53302538224888,0.42358842567354404,92.63844065966319,1101,0.6170834770309739,89.86362541068341,110.71572885684154,141.2539462463802,0.0175,0.71
hard,0.26,0.1,cvar0.1,0.1,33,1,83.24942052196387,0.6195383538147139,95.94616026559518,1037,0.543625726015307,93.73568076596713,119.74844573001731,166.3078083761175,0.06,0.7825
hard,0.26,0.1,cvar0.1,0.1,34,1,81.94943788340535,0.5421555825167381,89.44843362806265,1073,0.5757361419964582,89.00321570388058,113.83798289351812,182.18892307917088,0.035,0.6
hard,0.26,0.1,cvar0.1,0.1,35,1,86.53964816027327,0.23077608610420564,95.05550547745797,1084,0.556608627026435,92.77556065382913,112.80521906235964,134.7853744958591,0.025,0.6525
hard,0.26,0.1,cvar0.1,0.1,36,1,93.49261050828815,0.856915850810809,105.84676903656556,993,0.48421740299090743,102.02357907473873,128.28204372243684,168.88061838840937,0.09,0.7
hard,0.26,0.1,cvar0.1,0.1,37,1,85.68269622252876,1.0923291605857228,94.37712144181286,1052,0.5644836330320686,93.63849885208121,119.96615455761945,162.65815270125842,0.0525,0.67
hard,0.26,0.1,cvar0.1,0.1,38,1,82.59428227603429,0.48383458908092347,93.66958110536058,1050,0.4777153930044733,91.21360099795939,119.240644820705,181.25141077908555,0.0525,0.685
hard,0.26,0.1,cvar0.1,0.1,39,1,82.40074759054721,0.7461281784506586,91.27290002387538,1079,0.4304728540009819,89.45961362433705,110.43592019828543,156.76909654464438,0.03,0.5925
hard,0.26,0.1,cvar0.1,0.1,40,1,85.08088045113547,0.3540894550949931,97.39962123993642,1050,0.5418655399698764,96.39330463002968,125.30369110528758,177.27977348211192,0.075,0.7825
hard,0.26,0.1,cvar0.1,0.1,41,1,84.0696950439088,0.7521048796410543,94.42226738773277,1052,0.5954761049943045,92.34795305708477,115.85353069443359,194.3740859408971,0.0425,0.705
hard,0.26,0.1,cvar0.1,0.1,42,1,83.45070240262845,0.08278087566574976,96.08110844071345,1070,0.570133150962647,93.24163415973337,117.57927331643475,142.9755334650208,0.045,0.8
hard,0.26,0.1,cvar0.1,0.1,43,1,82.81144863017278,1.749585311458385,88.99811763090655,1028,0.4377892739721574,88.14237033929012,105.26454460368134,141.72545580667182,0.01,0.51
hard,0.26,0.1,cvar0.1,0.1,44,1,81.2890934290981,1.0993833943352684,90.27085550443613,1056,0.5566167330252938,88.05145670246877,112.40809043699917,143.44317864803372,0.0225,0.575
hard,0.26,0.1,cvar0.1,0.1,45,1,89.81547609638542,0.35397741052396103,104.93784731930499,1002,0.47138916404219344,101.20193622111564,127.6507351963158,177.26345037603923,0.1025,0.77
hard,0.26,0.1,cvar0.1,0.1,46,1,82.88790330841927,0.3161004583449407,92.20017154981996,1054,0.4805724830366671,91.43906163310092,112.56074183281697,138.61061835736885,0.02,0.7725
hard,0.26,0.1,cvar0.1,0.1,47,1,81.68761769837005,0.45252609567929314,95.31158802084748,1010,0.4846754079917446,92.00551442599578,115.17466629108563,160.77919640053926,0.0375,0.79
hard,0.26,0.1,cvar0.1,0.1,48,1,80.8382956792723,0.5789202759990926,90.23669668232135,1051,0.5985645930049941,88.39083710732191,112.3540493427259,154.54565720602022,0.035,0.5925
hard,0.26,0.1,cvar0.1,0.1,49,1,80.52655462694196,0.3229504027539103,89.54704131122553,1117,0.5884697010042146,86.87733895952182,106.46561682242758,144.91240782718245,0.0125,0.6325
hard,0.26,0.1,cvar0.5,0.5,0,1,81.020965950245,0.5490760649039372,100.94828309730369,1063,0.5650978139601648,88.36903988461195,112.61004901587258,167.82776271220374,0.0325,0.5925
hard,0.26,0.1,cvar0.5,0.5,1,1,83.88924717300297,1.797469437498152,101.8993699890205,1067,0.7702065730118193,89.35196485706315,107.0056319638796,143.08715038390213,0.015,0.5675
hard,0.26,0.1,cvar0.5,0.5,2,1,82.48973385399519,0.5156671372518766,101.70700237868317,998,0.5447851789649576,89.16778361996445,106.53042328218098,130.30285234433057,0.005,0.7525
hard,0.26,0.1,cvar0.5,0.5,3,1,82.82856682137526,1.1780742043327015,99.74628712965834,1006,0.8093832739978097,88.6510799475885,108.80336344619826,160.4355290586611,0.015,0.5225
hard,0.26,0.1,cvar0.5,0.5,4,1,83.24915062628071,0.8823727789362663,101.78283896568652,1034,0.6523124579689465,89.17085939431912,109.02153478262126,144.82494480084452,0.0225,0.615
hard,0.26,0.1,cvar0.5,0.5,5,1,82.00904267568355,0.3855145738581558,100.50644407691485,1071,0.5971426150063053,89.47432107499203,108.65829407684075,138.4566288181128,0.02,0.6825
hard,0.26,0.1,cvar0.5,0.5,6,1,83.5280347684117,0.28379477022010313,104.05560311800708,1063,0.7918093160260469,91.92459897044836,113.04768243846098,139.32880148447296,0.02,0.7925
hard,0.26,0.1,cvar0.5,0.5,7,1,83.85615246105043,1.197772546505015,99.19797258532193,950,0.6235553200240247,90.21964572582547,110.79862627663401,144.6010150163412,0.03,0.615
hard,0.26,0.1,cvar0.5,0.5,8,1,83.69945944567417,0.4265029135001872,110.63204250598724,1054,0.7212483810144477,92.50325997399597,116.0746749714087,143.73991274360586,0.04,0.75
hard,0.26,0.1,cvar0.5,0.5,9,1,82.36404591487312,1.2204331286616439,102.78064970620377,1075,0.7672608940047212,90.42521171921825,115.24772135137276,179.09987119846912,0.0475,0.645
hard,0.26,0.1,cvar0.5,0.5,10,1,83.33858265557261,0.25699695249283216,109.62241181514216,960,0.4891440849751234,93.39670935163335,120.94230863384281,162.52250726200322,0.065,0.7975
hard,0.26,0.1,cvar0.5,0.5,11,1,84.61296951334036,0.5312375215212595,104.1372398959722,1080,0.5926526479888707,92.11309648310005,112.62427880249508,142.2768891413186,0.04,0.73
hard,0.26,0.1,cvar0.5,0.5,12,1,86.16089804018635,0.05896949726564449,108.51545730102471,1083,0.5746528750169091,95.44938295972456,117.51091546627171,155.93717528076934,0.045,0.7875
hard,0.26,0.1,cvar0.5,0.5,13,1,83.34583530971095,0.12523152740303622,99.06901128159792,1070,0.5928457739646547,89.76566419001578,112.19359084449549,146.42681048344355,0.03,0.6225
hard,0.26,0.1,cvar0.5,0.5,14,1,86.92306651928759,0.2636464623904424,108.42318260122916,1071,0.5590953369974159,94.26479588436885,115.06177490249104,152.82408268272445,0.0425,0.665
hard,0.26,0.1,cvar0.5,0.5,15,1,89.43362680034551,1.3588427450469327,110.90626761337468,1050,0.5513107029837556,98.08760315155497,120.54996995193349,170.94904951550637,0.0525,0.6625
hard,0.26,0.1,cvar0.5,0.5,16,1,84.56016619317609,1.1163813951878403,106.4643373495366,1073,0.6031056260108016,91.16619943687601,109.48551163906718,144.57703433961603,0.0325,0.6825
hard,0.26,0.1,cvar0.5,0.5,17,1,86.68571510807466,1.1018112047376483,110.6277478401473,1065,0.5840894419816323,94.92206809018963,117.23641027078116,140.75096200247538,0.045,0.72
hard,0.26,0.1,cvar0.5,0.5,18,1,84.92186271690268,0.8562160074608087,102.14068048898405,1154,0.6612868509837426,90.60406542361174,111.28750463742074,150.89727325821735,0.0225,0.6575
hard,0.26,0.1,cvar0.5,0.5,19,1,81.32328473194026,1.8048111143868386,98.10165206338378,1048,0.5602080210228451,87.33713497094882,108.34624054190863,139.63807908824631,0.0175,0.615
hard,0.26,0.1,cvar0.5,0.5,20,1,81.56576333051294,0.84427360014991,101.43079474426798,1051,0.5623905570246279,88.08370811681736,110.38564915802968,154.29550658394234,0.025,0.6475
hard,0.26,0.1,cvar0.5,0.5,21,1,81.9393580461098,1.76377724344669,98.17994984970456,1103,0.580753636022564,87.01000533793784,106.88516579246004,130.63883886254027,0.0175,0.525
hard,0.26,0.1,cvar0.5,0.5,22,1,84.0376242764413,1.9600660172022417,99.23114327339349,1066,0.5452260919846594,89.37563948580846,107.58327896348405,129.2577807657592,0.0125,0.5175
hard,0.26,0.1,cvar0.5,0.5,23,1,82.35303768615469,0.0407018259366283,103.49346942162127,1072,0.6103142919600941,89.90430112407347,110.9411028258188,143.8387210627551,0.03,0.7225
hard,0.26,0.1,cvar0.5,0.5,24,1,88.44309738165809,1.5683141591508152,106.25154238051299,1033,0.5380144600057974,94.36243650529677,112.17186927421952,147.35400713559997,0.0275,0.5525
hard,0.26,0.1,cvar0.5,0.5,25,1,80.77981488556031,0.4101314167545711,102.85379991235467,1008,0.5264506419771351,88.98541907303239,112.6862865338492,165.38224189563243,0.035,0.695
hard,0.26,0.1,cvar0.5,0.5,26,1,84.5541312875701,0.3053356170599457,104.94949712521063,1020,0.5447650400456041,91.08426409120237,112.1710073307191,156.31164650307724,0.025,0.64
hard,0.26,0.1,cvar0.5,0.5,27,1,84.4540365610236,0.970454435742858,104.81909142829343,1046,0.5792752919951454,92.67582512327063,119.99875865626653,145.44917586534262,0.0525,0.6775
hard,0.26,0.1,cvar0.5,0.5,28,1,83.03144114815115,1.892845410659171,98.88885181338235,1064,0.5746036420459859,87.47494650064287,100.80744055912615,132.3968404062545,0.015,0.5125
hard,0.26,0.1,cvar0.5,0.5,29,1,83.5086803395522,1.1955825378344365,106.18043419809769,1047,0.5577163610141724,91.60176978129111,115.4077933303387,157.36759969305473,0.0375,0.6775
hard,0.26,0.1,cvar0.5,0.5,30,1,82.54141126341915,0.1449345111576168,111.75020719986472,1102,0.6448124310118146,95.01442838490519,118.89660546320802,170.3864752694167,0.0525,0.8475
hard,0.26,0.1,cvar0.5,0.5,31,1,83.03098304327534,0.03766064513335898,103.20258100276061,1063,0.600146102020517,89.31802557990731,109.18406549174236,140.98511436964384,0.015,0.615
hard,0.26,0.1,cvar0.5,0.5,32,1,82.71236984115063,0.42358842567354404,104.0356459336102,1101,0.58335225796327,91.01086451734689,115.17401205904085,161.75770328963927,0.035,0.72
hard,0.26,0.1,cvar0.5,0.5,33,1,84.06814092481395,0.752737396208091,109.13550364957915,1037,0.5588170810369775,94.00000153748866,120.21882565427931,160.43177212510818,0.0575,0.7425
hard,0.26,0.1,cvar0.5,0.5,34,1,82.06132029795596,0.5421555825167381,99.00257315224158,1073,0.5795174589729868,88.4924647883656,109.14335087931399,136.62912979358742,0.0225,0.64
hard,0.26,0.1,cvar0.5,0.5,35,1,87.63149647966858,1.4275979735940147,104.74542196949864,1084,0.5357139719999395,92.98109206527396,109.95349934644614,154.86072776199055,0.015,0.5775
hard,0.26,0.1,cvar0.5,0.5,36,1,94.19514599904113,0.856915850810809,119.64488630561344,993,0.5079159879824147,101.64276067491772,124.69130175699176,194.20142061557857,0.075,0.65
hard,0.26,0.1,cvar0.5,0.5,37,1,87.1317783046852,1.541357726161003,104.175124774877,1052,0.5706003950326703,93.47973808144883,110.43809075553608,157.96899639891834,0.0375,0.6225
hard,0.26,0.1,cvar0.5,0.5,38,1,83.09079974475074,0.48383458908092347,105.732090766169,1050,0.7107294379966334,90.87415190925482,117.81393622743593,163.42122494964568,0.0475,0.6425
hard,0.26,0.1,cvar0.5,0.5,39,1,82.96384623476814,1.5900237351143043,100.81721767171688,1079,0.7004412919632159,89.11032362122842,108.2270701355751,146.57321479560085,0.0175,0.5825
hard,0.26,0.1,cvar0.5,0.5,40,1,86.36473944489154,0.3540894550949931,110.83418847813114,1050,0.5450010159984231,96.88674130450134,124.3113408910119,180.80563182522334,0.065,0.7625
hard,0.26,0.1,cvar0.5,0.5,41,1,84.5992354895756,1.1993251057733278,106.23108011577943,1052,0.5623512519523501,92.38620528829462,115.87767103821287,187.63930120379302,0.04,0.645
hard,0.26,0.1,cvar0.5,0.5,42,1,86.34452562464256,1.45424120524361,107.63358802027403,1070,0.584189961955417,94.09727236703083,115.94459746401311,158.68167278809634,0.045,0.61
hard,0.26,0.1,cvar0.5,0.5,43,1,83.2824145973732,2.1997647954651773,97.32193150388154,1028,0.6110050679999404,88.89402185358185,106.69321531508527,149.0096218295896,0.0175,0.535
hard,0.26,0.1,cvar0.5,0.5,44,1,82.24724394505668,1.68859283387454,100.52854729943152,1056,0.6992678730166517,88.38532171711859,109.65114099160277,145.15935092679456,0.0225,0.555
hard,0.26,0.1,cvar0.5,0.5,45,1,92.0393831393341,1.1469840849103443,119.99453530466685,1002,0.7279445589520037,101.7347695656764,129.79982393966856,160.64672194609082,0.11,0.6825
hard,0.26,0.1,cvar0.5,0.5,46,1,84.35771570105602,0.24729951458104704,102.12546714549134,1054,0.5648243569885381,92.03907226348441,116.46800343773779,165.0698869855039,0.045,0.625
hard,0.26,0.1,cvar0.5,0.5,47,1,82.12373940888475,0.45252609567929314,108.48152944734038,1010,0.5721482509979978,91.37375695283632,114.3057202959729,178.94454606268084,0.03,0.7725
hard,0.26,0.1,cvar0.5,0.5,48,1,82.86591887784498,0.999733555288195,100.81634039313194,1051,0.5721719249850139,89.09055139525017,108.31640320046543,150.87664260362976,0.0325,0.565
hard,0.26,0.1,cvar0.5,0.5,49,1,82.54755266512865,1.9254574058179996,98.91110555026863,1117,0.6043954940396361,86.87013778436852,100.49023585055596,151.43982152051038,0.0125,0.51
hard,0.26,0.1,cvar0.9,0.9,0,1,88.84267046701663,1.4522156186374333,144.5112448214059,1063,0.5569157580030151,92.4487172836529,107.16407232289119,146.94828919471087,0.0175,0.5
hard,0.26,0.1,cvar0.9,0.9,1,1,87.0085122272153,2.2138951854250313,145.93086690814317,1067,0.4798263229895383,91.14128356407856,108.06746432876963,142.26042714942136,0.0175,0.485
hard,0.26,0.1,cvar0.9,0.9,2,1,95.13150549481153,2.3198242727087384,147.68604345117598,998,0.49444750999100506,98.94252330105225,115.25731898768626,173.30724683704793,0.025,0.4425
hard,0.26,0.1,cvar0.9,0.9,3,1,84.11728414675014,1.6419877119227402,142.902619453471,1006,0.4775915179634467,89.99659359575881,112.63937138481165,157.12153997028346,0.03,0.535
hard,0.26,0.1,cvar0.9,0.9,4,1,83.17502102131354,0.8823727789362663,152.31777958866607,1034,0.5373677180032246,88.70979416989623,106.08322470785271,150.70285330569166,0.0175,0.6175
hard,0.26,0.1,cvar0.9,0.9,5,1,87.66877776065837,1.39343663394307,143.88378452291727,1071,0.5816529869916849,93.24835670975445,110.90757914052061,152.06421308423458,0.0275,0.605
hard,0.26,0.1,cvar0.9,0.9,6,1,92.60987038960145,1.2102192816146342,150.7664513841661,1063,0.5491564810508862,98.31683378308156,117.57594472453593,148.02476460230295,0.0425,0.62
hard,0.26,0.1,cvar0.9,0.9,7,1,87.83314672670873,1.5926068322037485,138.0975928901764,950,0.46502543601673096,92.90110082974192,112.03587654937944,136.26407354708374,0.0225,0.5025
hard,0.26,0.1,cvar0.9,0.9,8,1,89.7349161805407,0.32277213796681714,189.8152440670947,1054,0.5527001090231352,96.5446066721417,116.01199673174995,161.94741853639283,0.0375,0.6625
hard,0.26,0.1,cvar0.9,0.9,9,1,86.42203077326715,1.2722623035492813,155.09508977347505,1075,0.4754166569910012,92.55795307142874,110.78766642422353,156.6433812637719,0.03,0.6425
hard,0.26,0.1,cvar0.9,0.9,10,1,93.45019019805237,1.159953009848183,179.07828150642968,960,0.464293422002811,101.60178224487619,127.00513841754878,156.54899684559598,0.0875,0.725
hard,0.26,0.1,cvar0.9,0.9,11,1,89.3528457169036,1.5361274587042808,151.24156718365256,1080,0.48368278198176995,94.46384278579296,110.75891088372309,134.20245830540568,0.0175,0.6875
hard,0.26,0.1,cvar0.9,0.9,12,1,100.23101557505285,0.8158787626558821,159.14925678076895,1083,0.7413316830061376,105.58689847328536,123.0681879683395,169.0006683816931,0.07,0.5625
hard,0.26,0.1,cvar0.9,0.9,13,1,85.905313179447,0.276851076626236,135.00108579901325,1070,0.6919630359625444,90.92004932524493,110.52063589849278,133.99178539772933,0.015,0.59
hard,0.26,0.1,cvar0.9,0.9,14,1,87.69942623445678,0.2636464623904424,169.97836862596006,1071,0.7307124200160615,95.06037969577683,116.63424677420299,165.37492657587742,0.04,0.66
hard,0.26,0.1,cvar0.9,0.9,15,1,91.64282697399328,1.3588427450469327,170.35935794576196,1050,0.7295514449942857,98.27817136067257,117.47451414445182,163.81582478396305,0.03,0.6975
hard,0.26,0.1,cvar0.9,0.9,16,1,89.762009361321,1.2616039260813166,162.51279974603887,1073,0.5832544830045663,95.31982675684154,116.37842505895779,143.58376631190336,0.05,0.55
hard,0.26,0.1,cvar0.9,0.9,17,1,95.64711677210435,1.7322065529607098,170.3210011596613,1065,0.5488915599999018,100.8361694031045,117.63951616571345,165.00166129542953,0.045,0.55
hard,0.26,0.1,cvar0.9,0.9,18,1,93.06464010875152,2.0156961848764317,142.32355257491395,1154,0.5599885859992355,96.57026770329804,109.52230220009996,155.69736795718902,0.0275,0.4375
hard,0.26,0.1,cvar0.9,0.9,19,1,87.9343197920548,2.5765049367733113,138.05237176387186,1048,0.5477756210020743,91.59375234883021,104.40611970609831,127.26452325678686,0.0125,0.5125
hard,0.26,0.1,cvar0.9,0.9,20,1,84.4674927240976,0.84427360014991,150.78291371272272,1051,0.4422961030504666,89.9204801649363,108.57163458293805,127.15869853783346,0.0125,0.57
hard,0.26,0.1,cvar0.9,0.9,21,1,83.56303667497887,1.7811018795872435,140.30431882616142,1103,0.5736111349542625,88.0530411950755,107.28722617565217,130.39665254700844,0.0225,0.52
hard,0.26,0.1,cvar0.9,0.9,22,1,89.83301375171035,2.3496352379224907,132.90223255012828,1066,0.5498975320369937,93.6930340140873,110.2533493590126,170.15185436969853,0.0125,0.415
hard,0.26,0.1,cvar0.9,0.9,23,1,84.01776505318564,0.0407018259366283,159.88570201192272,1072,0.5712104080012068,91.01541843962366,112.94890552738474,144.71302534072555,0.0275,0.6975
hard,0.26,0.1,cvar0.9,0.9,24,1,93.2922622711767,1.8790709423426781,151.99714580734727,1033,0.6629064119770192,97.6938557295546,114.98141604282245,153.65895334383774,0.04,0.5475
hard,0.26,0.1,cvar0.9,0.9,25,1,84.22747984851955,1.436244041297317,162.9831272900478,1008,0.6748388169799,91.33401938226274,115.0990532060057,152.40288118735768,0.045,0.655
hard,0.26,0.1,cvar0.9,0.9,26,1,88.49945780105108,1.4219488913893006,157.28164185192716,1020,0.6469403330120258,93.94912568761549,110.94933847113126,136.2036548911059,0.015,0.6225
hard,0.26,0.1,cvar0.9,0.9,27,1,88.38587818216703,0.970454435742858,156.8950524148284,1046,0.6549038660014048,94.37510830033389,111.88025913159434,151.18400212354035,0.025,0.635
hard,0.26,0.1,cvar0.9,0.9,28,1,84.20112266042958,2.0201516071097965,138.29987572920754,1064,0.5530585069791414,89.63465314050364,106.83955536308665,142.8151760086472,0.015,0.5125
hard,0.26,0.1,cvar0.9,0.9,29,1,86.7271736515049,1.2006162953628805,165.20870290441752,1047,0.5154420239850879,93.56761957785693,116.96328701924965,161.35449272449918,0.045,0.62
hard,0.26,0.1,cvar0.9,0.9,30,1,91.85140103727676,0.23465369934381286,179.64857897265242,1102,0.6083743950002827,99.50798746422643,120.87403150742652,152.2923583813498,0.0675,0.7025
hard,0.26,0.1,cvar0.9,0.9,31,1,86.0562853142664,0.03766064513335898,158.66379617325794,1063,0.5153318259981461,92.49847751263137,112.42754172318126,182.24544344118414,0.0225,0.6825
hard,0.26,0.1,cvar0.9,0.9,32,1,85.86300339488174,0.42358842567354404,161.70625920842295,1101,0.5948345119832084,93.17700836381846,115.7502966973152,142.99372195753196,0.0375,0.71
hard,0.26,0.1,cvar0.9,0.9,33,1,97.46983001372749,1.1510096400053094,180.85587349604089,1037,0.47732234897557646,103.87119462081644,126.02760800302678,162.3288842135213,0.0775,0.6425
hard,0.26,0.1,cvar0.9,0.9,34,1,84.19551378657758,0.5421555825167381,140.76359524964607,1073,0.5464068329893053,89.80230080925587,105.52084129139665,155.44862185167105,0.02,0.58
hard,0.26,0.1,cvar0.9,0.9,35,1,89.50617501605757,1.4275979735940147,148.62828094283878,1084,0.589324967993889,94.3732553682873,111.23584028271523,153.2329165980116,0.025,0.6
hard,0.26,0.1,cvar0.9,0.9,36,1,100.28892165852766,0.856915850810809,188.72043459044698,993,0.4683008769643493,106.94894457306647,126.17359078464797,196.91859849302975,0.11,0.6475
hard,0.26,0.1,cvar0.9,0.9,37,1,88.85548249553896,1.541357726161003,147.37781945411328,1052,0.568372453970369,94.62942590611769,114.14312807105586,141.5795341815993,0.0325,0.6675
hard,0.26,0.1,cvar0.9,0.9,38,1,97.48870738621446,2.1679096836019536,168.14849893507395,1050,0.5433481219806708,102.95228937654272,121.77625312720961,158.17963947771742,0.07,0.56
hard,0.26,0.1,cvar0.9,0.9,39,1,85.51478171425089,1.8602702008368213,144.52772251963495,1079,0.566607677959837,90.84960674277298,111.19131616603333,134.01527206069545,0.03,0.5175
hard,0.26,0.1,cvar0.9,0.9,40,1,94.19270262875467,0.2666635816936882,175.1049387570868,1050,0.4847326669842005,102.67104712218963,123.51243993405829,152.03182189736472,0.0975,0.755
hard,0.26,0.1,cvar0.9,0.9,41,1,91.57774014656151,1.2003578968342667,159.85044436600117,1052,0.5334737180382945,96.95732760798928,113.28890189806353,132.7977999844977,0.025,0.6725
hard,0.26,0.1,cvar0.9,0.9,42,1,88.85863344730552,1.45424120524361,166.3020996694283,1070,0.46998494100989774,95.27738700801774,115.19616588992864,143.06546041806047,0.045,0.6575
hard,0.26,0.1,cvar0.9,0.9,43,1,85.6381417987813,2.31446285011775,127.1728638783982,1028,0.5149413670296781,89.98188068133847,105.92484930564632,192.24972276190192,0.02,0.4375
hard,0.26,0.1,cvar0.9,0.9,44,1,86.0152813964364,1.68859283387454,148.92116948768913,1056,0.5499776930082589,91.53580781000221,108.13516272139928,142.05368359091761,0.015,0.5425
hard,0.26,0.1,cvar0.9,0.9,45,1,97.52746883687406,1.2896067467006298,192.9988137265683,1002,0.5064318329677917,103.95264870618158,129.1107788051699,195.66893769190972,0.0825,0.635
hard,0.26,0.1,cvar0.9,0.9,46,1,91.6928855432995,1.462783690320288,142.91181569771473,1054,0.5804057189961895,97.53307490183,117.33275169961131,150.39693659546023,0.0475,0.6325
hard,0.26,0.1,cvar0.9,0.9,47,1,83.17865891706487,0.45252609567929314,189.60107218670512,1010,0.5559429489658214,90.91677718776762,111.22998022475181,162.0669012939853,0.02,0.7275
hard,0.26,0.1,cvar0.9,0.9,48,1,84.03923444392298,0.999733555288195,148.88510160023458,1051,0.4848770090029575,90.91544083284448,113.53496531335632,145.42898298668482,0.0375,0.6575
hard,0.26,0.1,cvar0.9,0.9,49,1,84.98437183572375,2.190325740566129,141.1487941604303,1117,0.6149525990476832,88.84798030320597,104.38218255372959,176.70682277372958,0.0125,0.4525
hard,0.26,0.5,rrtstar,,0,1,80.26128336893979,0.003668331973508021,80.26128336893979,1063,0.15719776699552312,122.64625358036234,258.0890535137109,516.6287039974859,0.315,0.5825
hard,0.26,0.5,rrtstar,,1,1,81.73939522551508,0.3447202572100463,81.73939522551508,1067,0.16298425401328132,135.22912145405203,267.21925844736273,524.1725611329709,0.465,0.7075
hard,0.26,0.5,rrtstar,,2,1,81.2683358201402,0.04660107158871529,81.26833582014021,998,0.15061181801138446,137.4367294890465,270.9423721259511,425.5172313834166,0.4725,0.715
hard,0.26,0.5,rrtstar,,3,1,80.22587453543257,0.08982992866575179,80.22587453543255,1006,0.1629727429826744,131.84433581696882,279.7899680071672,567.4037880320395,0.4225,0.69
hard,0.26,0.5,rrtstar,,4,1,80.52182888662979,0.03217671214858653,80.52182888662979,1034,0.15400076395599172,129.90367475575826,253.51091537403641,441.0901787185311,0.4375,0.715
hard,0.26,0.5,rrtstar,,5,1,80.40529761340437,0.020545648989911403,80.40529761340439,1071,0.17865719995461404,136.55771680738565,277.0474052288811,488.3892919867463,0.4475,0.7
hard,0.26,0.5,rrtstar,,6,1,81.70901036551298,0.006382150716723434,81.70901036551295,1063,0.1676625679829158,152.5156924546476,326.19608606125536,618.1967456471161,0.555,0.8
hard,0.26,0.5,rrtstar,,7,1,82.54253159430368,0.05544108234067524,82.54253159430367,950,0.15337709500454366,145.07721971080164,294.0302356221295,551.260631619566,0.4875,0.7675
hard,0.26,0.5,rrtstar,,8,1,82.34878511643308,0.01733785896722928,82.34878511643308,1054,0.1694491040543653,142.45137953767403,266.7024781297643,428.06524502642947,0.5375,0.8225
hard,0.26,0.5,rrtstar,,9,1,80.72476636025351,0.36345887601260474,80.7247663602535,1075,0.1705457970383577,137.56803801819513,287.6783856259292,537.3644687211159,0.44,0.6825
hard,0.26,0.5,rrtstar,,10,1,81.7640794228919,0.024191338615435765,81.76407942289188,960,0.1517194919870235,155.73444005664803,296.63187347469363,506.651172407376,0.5825,0.8575
hard,0.26,0.5,rrtstar,,11,1,82.88994114050935,0.14523382416621144,82.88994114050935,1080,0.16812623396981508,141.15856257428234,282.34277985538046,528.329645094602,0.5,0.755
hard,0.26,0.5,rrtstar,,12,1,81.53188754054231,0.04833697328597486,81.5318875405423,1083,0.16724477795651183,155.10293891693493,325.82727307270386,498.10759236255785,0.5775,0.8725
hard,0.26,0.5,rrtstar,,13,1,81.57213516016044,0.02734463280275934,81.57213516016044,1070,0.162245168001391,142.35365820710302,300.57521770451467,498.30290533731926,0.4625,0.805
hard,0.26,0.5,rrtstar,,14,1,84.07673300919133,0.16798997909191993,84.07673300919133,1071,0.1597857890301384,141.7139757939825,268.84841716679557,497.39917121675614,0.505,0.7525
hard,0.26,0.5,rrtstar,,15,1,85.49765482713116,0.11059991835458316,85.49765482713116,1050,0.16042149998247623,165.2384027480492,336.5040620212995,586.1845254449969,0.605,0.8275
hard,0.26,0.5,rrtstar,,16,1,81.40547189845101,0.03636023765494034,81.40547189845101,1073,0.1694888299680315,151.04808282148184,312.04155514324117,516.2847256368186,0.5675,0.82
hard,0.26,0.5,rrtstar,,17,1,83.88173079297863,0.1361392613130108,83.8817307929786,1065,0.1646787779754959,144.02005440463,280.9510117260478,454.98839868847216,0.5225,0.76
hard,0.26,0.5,rrtstar,,18,1,82.20443071376017,0.31850986861948405,82.20443071376016,1154,0.1666767240385525,141.2329886064377,278.6017260249896,546.7731022335694,0.4875,0.765
hard,0.26,0.5,rrtstar,,19,1,80.25483406675356,0.039907282072165096,80.25483406675356,1048,0.16302130499389023,122.88830630108929,236.27930334432938,486.67203172605747,0.385,0.66
hard,0.26,0.5,rrtstar,,20,1,80.85734534634419,0.26270124056919864,80.8573453463442,1051,0.1595419369987212,122.4653512090722,247.3920694757962,383.72041669598605,0.3725,0.6375
hard,0.26,0.5,rrtstar,,21,1,79.77833359251667,0.20018141214256557,79.77833359251666,1103,0.16374678502324969,121.13419838217105,241.79096770981954,567.4387290515115,0.365,0.6425
hard,0.26,0.5,rrtstar,,22,1,80.0456644137755,0.036928452076827156,80.0456644137755,1066,0.2666177329956554,149.14773012897155,314.66812049924687,556.0687574572581,0.54,0.7475
hard,0.26,0.5,rrtstar,,23,1,80.85642423357702,0.0407018259366283,80.85642423357699,1072,0.26159593102056533,146.205958218827,298.0083208994705,520.7692814411308,0.505,0.7675
hard,0.26,0.5,rrtstar,,24,1,83.92767003364796,0.026576683530807,83.92767003364797,1033,0.24762629496399313,167.24827451468184,358.1086973036808,730.0707693674732,0.605,0.875
hard,0.26,0.5,rrtstar,,25,1,79.67940716314781,0.21130133354182568,79.67940716314781,1008,0.25342097802786157,132.73019355626968,258.777225500765,469.64789854282094,0.4275,0.7725
hard,0.26,0.5,rrtstar,,26,1,82.4945790372651,0.29178701855983036,82.4945790372651,1020,0.17199290299322456,135.40752973368313,268.7147245729313,532.3684927046538,0.455,0.67
hard,0.26,0.5,rrtstar,,27,1,81.86430324033404,0.04431291648540059,81.86430324033401,1046,0.15334802999859676,136.98670125173533,273.16876576801377,525.992308285094,0.4525,0.6975
hard,0.26,0.5,rrtstar,,28,1,79.97645289291728,0.047155528808809244,79.97645289291727,1064,0.15949753299355507,142.287537554946,323.67922475250737,638.7239390269319,0.4625,0.7125
hard,0.26,0.5,rrtstar,,29,1,80.81218799695247,0.0554286348892572,80.81218799695246,1047,0.16152970504481345,148.1430957715453,289.8199065973297,492.65309844703893,0.5275,0.8175
hard,0.26,0.5,rrtstar,,30,1,80.89425178977959,0.12301859081235156,80.89425178977957,1102,0.17392733896849677,155.764386442902,318.30585519756875,578.563181491118,0.5875,0.845
hard,0.26,0.5,rrtstar,,31,1,81.37548518155045,0.03766064513335898,81.37548518155045,1063,0.16463374200975522,143.66897785205805,286.05088561070176,458.7620342678071,0.51,0.77
hard,0.26,0.5,rrtstar,,32,1,80.87569119517617,0.07198557311562381,80.87569119517619,1101,0.17538829997647554,137.97296932333128,270.27487625732806,514.8611498745113,0.4775,0.8075
hard,0.26,0.5,rrtstar,,33,1,82.9065279464248,0.20430017665884037,82.90652794642479,1037,0.162367228011135,151.43927757564822,313.37511838352475,465.3224670165795,0.545,0.805
hard,0.26,0.5,rrtstar,,34,1,81.1760698709675,0.026758683371987724,81.1760698709675,1073,0.16361076897010207,125.74430835034963,249.06836468031815,452.15090096163647,0.3875,0.655
hard,0.26,0.5,rrtstar,,35,1,85.85755459276815,0.23077608610420564,85.85755459276815,1084,0.16776644403580576,142.77145270524045,296.7293924526155,498.3076717258367,0.455,0.6675
hard,0.26,0.5,rrtstar,,36,1,89.93995787496925,0.07199831381771382,89.93995787496927,993,0.15107086498755962,158.77854927678453,311.7086607044659,577.7389469319098,0.59,0.7775
hard,0.26,0.5,rrtstar,,37,1,83.93732585955998,0.011783072940765082,83.93732585955999,1052,0.16578788397600874,151.08896301907174,315.85317246379947,479.8187093884632,0.555,0.77
hard,0.26,0.5,rrtstar,,38,1,81.65661693265653,0.02557108441548772,81.65661693265653,1050,0.160805176012218,135.2326741547001,301.85933217266023,556.0881265797661,0.43,0.745
hard,0.26,0.5,rrtstar,,39,1,80.36692873524333,0.004673721393169572,80.36692873524332,1079,0.16538980102632195,145.77106854632774,300.1973621980139,677.5914365522277,0.51,0.81
hard,0.26,0.5,rrtstar,,40,1,84.08242699619535,0.0038660621434205567,84.08242699619534,1050,0.17688050103606656,155.7896166778523,294.86116651427784,695.1668331684887,0.6125,0.8775
hard,0.26,0.5,rrtstar,,41,1,80.0640955080935,0.027673509132873697,80.06409550809349,1052,0.16840044199489057,154.50244259635613,290.92635068810284,515.0133838046304,0.5775,0.825
hard,0.26,0.5,rrtstar,,42,1,81.17351999586434,0.08278087566574976,81.17351999586434,1070,0.16498306294670328,147.56551568256765,316.3708369621018,553.3836543475398,0.545,0.8125
hard,0.26,0.5,rrtstar,,43,1,81.15174958506091,0.3056976426739726,81.15174958506093,1028,0.1683416410232894,131.04167646342452,268.941146272262,574.5878206531102,0.41,0.7
hard,0.26,0.5,rrtstar,,44,1,79.73575395667021,0.17359066527051414,79.73575395667021,1056,0.16784767800709233,139.07206463411316,282.52124339027915,566.9685155488753,0.435,0.74
hard,0.26,0.5,rrtstar,,45,1,88.94997598176346,0.1661431371861397,88.94997598176344,1002,0.15969773195683956,164.09612849340564,321.63543643060024,595.9762023989382,0.595,0.7875
hard,0.26,0.5,rrtstar,,46,1,82.38467260769474,0.10418592738858301,82.38467260769474,1054,0.161419786978513,141.49394819366398,274.970573085256,512.9446871285816,0.5025,0.815
hard,0.26,0.5,rrtstar,,47,1,81.2603832734892,0.008449492440629314,81.26038327348921,1010,0.16072450298815966,143.03713611434335,287.78595903119117,502.5914367174702,0.5275,0.7925
hard,0.26,0.5,rrtstar,,48,1,80.01470879251856,0.25914045018062204,80.01470879251858,1051,0.1630542769562453,133.12375088658658,300.3480065183972,514.8680696642645,0.405,0.7025
hard,0.26,0.5,rrtstar,,49,1,79.89285056833695,0.1016655962939983,79.89285056833694,1117,0.16329033201327547,130.36579576169927,263.74069414869126,535.6922581464886,0.42,0.6675
hard,0.26,0.5,neutral,0.0,0,1,86.46473901289755,1.4522156186374333,110.47550388198964,1063,0.2781849979655817,107.98473475650768,182.4325953581776,450.14631225286735,0.2375,0.5
hard,0.26,0.5,neutral,0.0,1,1,86.58973121924572,2.2138951854250313,110.30312044622615,1067,0.2682335670106113,110.23424714115862,202.52830363545888,339.3559755717105,0.2475,0.505
hard,0.26,0.5,neutral,0.0,2,1,84.63433734397557,0.622682880698735,111.89225231173931,998,0.2319531700341031,117.87090615794587,223.67837097411714,473.2683344295287,0.315,0.6175
hard,0.26,0.5,neutral,0.0,3,1,84.11728414675014,1.6419877119227402,105.92161158557002,1006,0.30003101198235527,113.81269372198034,226.72772033705778,449.1385632644167,0.2475,0.535
hard,0.26,0.5,neutral,0.0,4,1,83.37516067998612,0.8823727789362663,114.11671195672787,1034,0.37946517899399623,108.75355939345289,192.00949387421082,529.3195269959446,0.24,0.6075
hard,0.26,0.5,neutral,0.0,5,1,83.9807754499625,0.6554702844261717,111.41542858149282,1071,0.39747949998127297,113.52055192107966,189.16194328671816,399.2638908911232,0.3225,0.6775
hard,0.26,0.5,neutral,0.0,6,1,91.60048868935233,1.2102192816146342,113.45359172174949,1063,0.4046957000391558,122.21281362365346,214.82337929677058,396.69855125586423,0.3325,0.5875
hard,0.26,0.5,neutral,0.0,7,1,84.66424940068781,1.118352610690092,106.85625432741217,950,0.3387197320116684,115.16453656868191,206.24813110972673,493.84329422960946,0.3175,0.5825
hard,0.26,0.5,neutral,0.0,8,1,85.95868571586445,0.32277213796681714,133.29749441787789,1054,0.27110621699830517,119.20437915213697,209.99636221068297,413.6209477723789,0.3425,0.695
hard,0.26,0.5,neutral,0.0,9,1,85.73247636886474,1.2722623035492813,116.67019168224886,1075,0.2648736370028928,120.2055218144606,210.79360392757343,433.3348022246355,0.3425,0.6625
hard,0.26,0.5,neutral,0.0,10,1,93.11940999168253,1.159953009848183,131.5327714269006,960,0.2403762320172973,132.11653457220604,232.57643455926637,356.4600047593123,0.43,0.665
hard,0.26,0.5,neutral,0.0,11,1,88.22861491240334,1.5361274587042808,114.85935046453864,1080,0.28264728299109265,117.97559654252942,207.5014705127078,308.65985765341367,0.345,0.685
hard,0.26,0.5,neutral,0.0,12,1,97.32225773017466,0.8158787626558821,121.70656828142127,1083,0.26778205402661115,126.36858916948292,207.82566996230952,456.40135151119034,0.39,0.6175
hard,0.26,0.5,neutral,0.0,13,1,85.59563812524246,0.276851076626236,104.7977260639523,1070,0.2789395349682309,109.3442731294831,180.45364199697997,344.27200841430704,0.2675,0.595
hard,0.26,0.5,neutral,0.0,14,1,86.65938277207391,0.2636464623904424,124.14131986530589,1071,0.25206886301748455,126.37272267218273,215.69796781449267,409.9760741928954,0.415,0.6825
hard,0.26,0.5,neutral,0.0,15,1,91.59869753818057,1.3588427450469327,125.92134684407173,1050,0.25948632397921756,128.02780599663782,234.9827724583973,449.4716564612025,0.3975,0.6625
hard,0.26,0.5,neutral,0.0,16,1,89.42353437006615,1.2616039260813166,119.43427020767064,1073,0.2893700099666603,118.89541815861554,230.24549922783152,386.06518861021095,0.31,0.5475
hard,0.26,0.5,neutral,0.0,17,1,94.40046309638636,1.6374183762159324,125.39297906148838,1065,0.2734982789843343,124.05325563639843,229.0053425221263,389.46942586805733,0.335,0.505
hard,0.26,0.5,neutral,0.0,18,1,86.81935468515138,1.8896925643999758,110.88167083746383,1154,0.30639033199986443,114.82118360435634,249.1777259933819,397.7526656154937,0.2675,0.49
hard,0.26,0.5,neutral,0.0,19,1,83.08940538968011,1.6988765088158315,107.096460743576,1048,0.26215941697591916,109.44850118132841,199.9663021160257,460.9077937877762,0.235,0.625
hard,0.26,0.5,neutral,0.0,20,1,83.21316970797012,0.84427360014991,112.59869330227806,1051,0.2583584020030685,110.10060941266333,208.951666682376,415.9736809640929,0.2375,0.5525
hard,0.26,0.5,neutral,0.0,21,1,83.56822716168345,1.7811018795872435,105.49166437810823,1103,0.30819741799496114,109.24454886299263,202.6315786096092,357.4258428108972,0.2375,0.535
hard,0.26,0.5,neutral,0.0,22,1,86.09031378925022,1.8595273929989669,104.24126607200691,1066,0.28537882497766986,109.85524711121198,200.2389566495162,335.66715932874723,0.225,0.4725
hard,0.26,0.5,neutral,0.0,23,1,83.867944596486,0.0407018259366283,119.37691125331276,1072,0.29531544900964946,121.02051868352275,229.60428471648154,396.0865017804385,0.3525,0.685
hard,0.26,0.5,neutral,0.0,24,1,91.92474307846865,1.8790709423426781,114.7690233156817,1033,0.242507028975524,116.15250079316152,202.2447737437589,438.35388551774537,0.275,0.54
hard,0.26,0.5,neutral,0.0,25,1,83.9416445375481,1.436244041297317,117.79543606866027,1008,0.25558080099290237,120.16990740395079,235.64330307866265,423.99554921412266,0.315,0.6625
hard,0.26,0.5,neutral,0.0,26,1,87.78652751286728,1.4219488913893006,118.31406849321063,1020,0.2747172730159946,118.09808665259128,209.21441023246533,352.2505442905723,0.335,0.605
hard,0.26,0.5,neutral,0.0,27,1,88.10065073160115,0.970454435742858,117.65253339882162,1046,0.2706271220231429,121.26743640596072,218.15245900165215,400.2564589100526,0.36,0.6325
hard,0.26,0.5,neutral,0.0,28,1,83.93530054131283,2.0201516071097965,106.28443660327115,1064,0.41107355599524453,110.92986150997531,200.16742802357092,492.06946893301,0.2575,0.535
hard,0.26,0.5,neutral,0.0,29,1,85.59818015215085,1.1955825378344365,121.84046132210045,1047,0.4058899369556457,122.70263762413443,243.44263058288004,493.8428045796347,0.3675,0.72
hard,0.26,0.5,neutral,0.0,30,1,91.41584259668728,0.23465369934381286,131.19164938658977,1102,0.4431556980125606,132.2155305611195,246.29716314888447,443.5313259802126,0.43,0.6925
hard,0.26,0.5,neutral,0.0,31,1,84.02411390173131,0.03766064513335898,116.66830727614916,1063,0.3984269910142757,115.14789844259936,205.0185625773156,316.7271419373443,0.33,0.6525
hard,0.26,0.5,neutral,0.0,32,1,85.31068039380797,0.42358842567354404,119.61424477723841,1101,0.2880690509919077,119.05305936709024,215.92415389814272,370.47672459199117,0.325,0.68
hard,0.26,0.5,neutral,0.0,33,1,87.34474649923614,1.1510096400053094,129.92443734294645,1037,0.27136926498496905,128.58211394548073,234.8179843370284,481.52806199533507,0.43,0.7525
hard,0.26,0.5,neutral,0.0,34,1,84.16895486336573,0.5421555825167381,106.44272952971906,1073,0.28496291901683435,108.19820363204065,182.13303116029098,301.1156397414282,0.2575,0.555
hard,0.26,0.5,neutral,0.0,35,1,88.52470253475306,1.4275979735940147,113.09702923758655,1084,0.3374464850057848,113.80021437732206,196.98224727803,406.75103908747707,0.2875,0.6075
hard,0.26,0.5,neutral,0.0,36,1,95.96286807871289,0.856915850810809,137.21583951782114,993,0.24496223096502945,132.0757031383122,248.61767613325168,387.85666559149075,0.4325,0.6675
hard,0.26,0.5,neutral,0.0,37,1,87.8831766665617,1.541357726161003,111.78740680016969,1052,0.3162478549638763,117.5206625319267,216.6918135169613,309.94588548309025,0.31,0.66
hard,0.26,0.5,neutral,0.0,38,1,83.58213567104315,0.48383458908092347,123.8505921646758,1050,0.267695160000585,123.46703942756442,239.7209078074042,508.2240567478684,0.37,0.735
hard,0.26,0.5,neutral,0.0,39,1,85.40848629982895,1.5900237351143043,110.67749864359762,1079,0.28643114503938705,116.41025589745622,224.75486394044893,610.8057625695853,0.2875,0.5275
hard,0.26,0.5,neutral,0.0,40,1,93.32783044970354,0.2666635816936882,127.60836650749016,1050,0.2619897960103117,137.32062930990787,245.3909563343527,492.8299810226414,0.4975,0.7525
hard,0.26,0.5,neutral,0.0,41,1,91.28370057058063,1.0535086611591318,120.00689756073382,1052,0.29510061198379844,123.56866865054847,231.28920211279114,352.3713244131211,0.35,0.65
hard,0.26,0.5,neutral,0.0,42,1,87.53177227493536,1.45424120524361,122.19463098537508,1070,0.2700807489454746,123.6297624352076,232.21715894664183,381.49569833834914,0.325,0.6375
hard,0.26,0.5,neutral,0.0,43,1,85.53019156590071,2.31446285011775,100.69492863539101,1028,0.29221255297306925,110.10651997123765,207.23404355384116,511.20350406049533,0.2325,0.4525
hard,0.26,0.5,neutral,0.0,44,1,84.16548158836653,1.68859283387454,110.57828469377053,1056,0.4029509709798731,113.86056387749903,212.64947095552174,369.03338905811364,0.28,0.52
hard,0.26,0.5,neutral,0.0,45,1,96.37631981775698,1.1568562225146621,141.543583396725,1002,0.38563515205169097,133.22333017293644,241.78831940451087,422.1327378414012,0.4525,0.6575
hard,0.26,0.5,neutral,0.0,46,1,89.55479654307229,1.1832388331228625,111.03850218958051,1054,0.39359899499686435,118.59729927575987,207.13168965001535,315.63456004028114,0.3275,0.6675
hard,0.26,0.5,neutral,0.0,47,1,83.11110867281482,0.45252609567929314,131.89091934739344,1010,0.3850237160222605,122.22354964368763,223.294592766437,477.26466544612174,0.385,0.7275
hard,0.26,0.5,neutral,0.0,48,1,83.87625239678084,0.999733555288195,111.0714397457951,1051,0.2782368060434237,118.11897302887473,224.69435951580468,393.31562405585885,0.33,0.6225
hard,0.26,0.5,neutral,0.0,49,1,83.69736965909135,2.190325740566129,107.02567260838478,1117,0.3025852399878204,105.04279845108795,182.57513427146392,410.04924086885933,0.2225,0.455
hard,0.26,0.5,cvar0.1,0.1,0,1,86.46473901289755,1.4522156186374333,120.91012296166174,1063,0.5220334529876709,107.98473475650768,182.4325953581776,450.14631225286735,0.2375,0.5
hard,0.26,0.5,cvar0.1,0.1,1,1,86.58973121924572,2.2138951854250313,120.84885458386641,1067,0.5873016630066559,113.22905026299598,215.4191224707149,412.8212606712745,0.255,0.5025
hard,0.26,0.5,cvar0.1,0.1,2,1,84.63433734397557,0.622682880698735,122.78667507359415,998,0.5049054269911721,117.87090615794587,223.67837097411714,473.2683344295287,0.315,0.6175
hard,0.26,0.5,cvar0.1,0.1,3,1,84.11728414675014,1.6419877119227402,116.36937987336262,1006,0.573893279011827,113.81269372198034,226.72772033705778,449.1385632644167,0.2475,0.535
hard,0.26,0.5,cvar0.1,0.1,4,1,83.37516067998612,0.8823727789362663,125.1831028642885,1034,0.5043796639656648,108.75355939345289,192.00949387421082,529.3195269959446,0.24,0.6075
hard,0.26,0.5,cvar0.1,0.1,5,1,83.9807754499625,0.6554702844261717,122.11801784563097,1071,0.4535314289969392,113.52055192107966,189.16194328671816,399.2638908911232,0.3225,0.6775
hard,0.26,0.5,cvar0.1,0.1,6,1,91.60048868935233,1.2102192816146342,124.3514588324051,1063,0.5489336099708453,120.77344858824529,234.17383127841057,423.37954169368135,0.315,0.57
hard,0.26,0.5,cvar0.1,0.1,7,1,84.66424940068781,1.118352610690092,116.99328621462321,950,0.3853322089998983,115.16453656868191,206.24813110972673,493.84329422960946,0.3175,0.5825
hard,0.26,0.5,cvar0.1,0.1,8,1,85.95868571586445,0.32277213796681714,146.33114256911594,1054,0.4845275890547782,119.20437915213697,209.99636221068297,413.6209477723789,0.3425,0.695
hard,0.26,0.5,cvar0.1,0.1,9,1,85.73247636886474,1.2722623035492813,127.7628753145347,1075,0.5702986939577386,115.8395867704896,216.28129074339896,455.04572643100585,0.305,0.67
hard,0.26,0.5,cvar0.1,0.1,10,1,93.11940999168253,1.159953009848183,144.4047266644435,960,0.4971390070277266,132.11653457220604,232.57643455926637,356.4600047593123,0.43,0.665
hard,0.26,0.5,cvar0.1,0.1,11,1,88.22861491240334,1.5361274587042808,125.89621041934362,1080,0.556153447018005,116.43381359661264,204.73394928873287,290.37085614441037,0.295,0.6625
hard,0.26,0.5,cvar0.1,0.1,12,1,97.32225773017466,0.8158787626558821,133.3065203766075,1083,0.4837881510029547,126.36858916948292,207.82566996230952,456.40135151119034,0.39,0.6175
hard,0.26,0.5,cvar0.1,0.1,13,1,85.59563812524246,0.276851076626236,114.80081796687234,1070,0.5743110689800233,107.1308366543684,174.50591458736136,257.69773915330575,0.2425,0.5875
hard,0.26,0.5,cvar0.1,0.1,14,1,87.44915927238613,0.2636464623904424,136.27562916997053,1071,0.43355555000016466,124.39148189048947,228.4632165591602,395.51646898226915,0.3825,0.6675
hard,0.26,0.5,cvar0.1,0.1,15,1,91.59869753818057,1.3588427450469327,138.08356375299599,1050,0.48051520402077585,128.02780599663782,234.9827724583973,449.4716564612025,0.3975,0.6625
hard,0.26,0.5,cvar0.1,0.1,16,1,89.42353437006615,1.2616039260813166,131.50663162186626,1073,0.5805628059897572,118.89541815861554,230.24549922783152,386.06518861021095,0.31,0.5475
hard,0.26,0.5,cvar0.1,0.1,17,1,94.40046309638636,1.6374183762159324,137.71336328660703,1065,0.566874451993499,124.05325563639843,229.0053425221263,389.46942586805733,0.335,0.505
hard,0.26,0.5,cvar0.1,0.1,18,1,86.81935468515138,1.8896925643999758,121.48128070680423,1154,0.6523983200313523,114.82118360435634,249.1777259933819,397.7526656154937,0.2675,0.49
hard,0.26,0.5,cvar0.1,0.1,19,1,83.08940538968011,1.6988765088158315,117.34919101444986,1048,0.52663964004023,109.44850118132841,199.9663021160257,460.9077937877762,0.235,0.625
hard,0.26,0.5,cvar0.1,0.1,20,1,83.21316970797012,0.84427360014991,123.40378530474923,1051,0.5266535959672183,110.10060941266333,208.951666682376,415.9736809640929,0.2375,0.5525
hard,0.26,0.5,cvar0.1,0.1,21,1,83.56822716168345,1.7811018795872435,115.70555396866983,1103,0.5950853459653445,109.24454886299263,202.6315786096092,357.4258428108972,0.2375,0.535
hard,0.26,0.5,cvar0.1,0.1,22,1,86.09031378925022,1.8595273929989669,114.28857272250117,1066,0.5455903800320812,109.85524711121198,200.2389566495162,335.66715932874723,0.225,0.4725
hard,0.26,0.5,cvar0.1,0.1,23,1,83.867944596486,0.0407018259366283,130.93280001803544,1072,0.5541604899917729,120.50494153461055,223.49772946037973,370.81852449439396,0.335,0.705
hard,0.26,0.5,cvar0.1,0.1,24,1,91.92474307846865,1.8790709423426781,125.88954589279241,1033,0.4457926509785466,116.15250079316152,202.2447737437589,438.35388551774537,0.275,0.54
hard,0.26,0.5,cvar0.1,0.1,25,1,83.9416445375481,1.436244041297317,129.24355840568245,1008,0.4714849350275472,120.16990740395079,235.64330307866265,423.99554921412266,0.315,0.6625
hard,0.26,0.5,cvar0.1,0.1,26,1,87.78652751286728,1.4219488913893006,129.5718834459587,1020,0.5459023099974729,118.09808665259128,209.21441023246533,352.2505442905723,0.335,0.605
hard,0.26,0.5,cvar0.1,0.1,27,1,88.10065073160115,0.970454435742858,129.0862820945824,1046,0.5513538849772885,121.26743640596072,218.15245900165215,400.2564589100526,0.36,0.6325
hard,0.26,0.5,cvar0.1,0.1,28,1,83.93530054131283,2.0201516071097965,116.52903232013325,1064,0.5794637480285019,110.92986150997531,200.16742802357092,492.06946893301,0.2575,0.535
hard,0.26,0.5,cvar0.1,0.1,29,1,85.59818015215085,1.1955825378344365,133.53786234381926,1047,0.4481297690072097,122.70263762413443,243.44263058288004,493.8428045796347,0.3675,0.72
hard,0.26,0.5,cvar0.1,0.1,30,1,91.41584259668728,0.23465369934381286,144.10444781048687,1102,0.48351423302665353,130.81648106492892,227.44396722594686,458.53164710723564,0.4175,0.7075
hard,0.26,0.5,cvar0.1,0.1,31,1,84.31495789188507,0.03766064513335898,128.18089596272318,1063,0.4567585000186227,115.10094818415378,209.05391658692187,317.60487351220604,0.33,0.64
hard,0.26,0.5,cvar0.1,0.1,32,1,85.31068039380797,0.42358842567354404,131.40700564420237,1101,0.5816522350069135,119.05305936709024,215.92415389814272,370.47672459199117,0.325,0.68
hard,0.26,0.5,cvar0.1,0.1,33,1,87.34474649923614,1.1510096400053094,142.70223475691125,1037,0.541572846006602,128.58211394548073,234.8179843370284,481.52806199533507,0.43,0.7525
hard,0.26,0.5,cvar0.1,0.1,34,1,84.16895486336573,0.5421555825167381,116.9037725796734,1073,0.5709640720160678,108.19820363204065,182.13303116029098,301.1156397414282,0.2575,0.555
hard,0.26,0.5,cvar0.1,0.1,35,1,88.52470253475306,1.4275979735940147,123.93919148512555,1084,0.5709562569973059,113.80021437732206,196.98224727803,406.75103908747707,0.2875,0.6075
hard,0.26,0.5,cvar0.1,0.1,36,1,95.96286807871289,0.856915850810809,150.80706993460706,993,0.49069955496815965,134.26744767681265,262.12485473792043,430.209955515322,0.445,0.67
hard,0.26,0.5,cvar0.1,0.1,37,1,87.8831766665617,1.541357726161003,122.55888824864304,1052,0.5843284039874561,116.69489185682076,212.49488454210095,350.71090045428514,0.2825,0.6175
hard,0.26,0.5,cvar0.1,0.1,38,1,83.58213567104315,0.48383458908092347,135.92563247390694,1050,0.5005332229775377,123.46703942756442,239.7209078074042,508.2240567478684,0.37,0.735
hard,0.26,0.5,cvar0.1,0.1,39,1,85.40848629982895,1.5900237351143043,121.35054273982956,1079,0.4510714990319684,116.41025589745622,224.75486394044893,610.8057625695853,0.2875,0.5275
hard,0.26,0.5,cvar0.1,0.1,40,1,93.94058187600233,0.2666635816936882,140.10640376311298,1050,0.5731518770335242,133.42500815208933,227.58738172288145,370.00792889710476,0.48,0.765
hard,0.26,0.5,cvar0.1,0.1,41,1,91.3226413509089,1.0535086611591318,131.83951558783497,1052,0.6045645029516891,123.61085764070765,231.33811651582383,352.409821997914,0.35,0.65
hard,0.26,0.5,cvar0.1,0.1,42,1,87.53177227493536,1.45424120524361,133.8383700352893,1070,0.5660027239937335,123.69969121134382,242.02025364811,403.5437785727002,0.3725,0.6675
hard,0.26,0.5,cvar0.1,0.1,43,1,85.6381417987813,2.31446285011775,110.31291184232367,1028,0.43834554497152567,109.16750331106458,191.35786133414794,455.25559204487627,0.235,0.505
hard,0.26,0.5,cvar0.1,0.1,44,1,84.16548158836653,1.68859283387454,121.57911280212127,1056,0.5937732360325754,113.86056387749903,212.64947095552174,369.03338905811364,0.28,0.52
hard,0.26,0.5,cvar0.1,0.1,45,1,96.67901351434378,1.1568562225146621,155.56157446638406,1002,0.4288870260352269,133.7686437685458,246.90838703514217,425.0813983420914,0.4575,0.66
hard,0.26,0.5,cvar0.1,0.1,46,1,89.55479654307229,1.1832388331228625,121.85102761849602,1054,0.4947989340289496,118.59729927575987,207.13168965001535,315.63456004028114,0.3275,0.6675
hard,0.26,0.5,cvar0.1,0.1,47,1,83.11110867281482,0.45252609567929314,144.96998399841286,1010,0.49304483900777996,122.22354964368763,223.294592766437,477.26466544612174,0.385,0.7275
hard,0.26,0.5,cvar0.1,0.1,48,1,83.87625239678084,0.999733555288195,121.82228303673742,1051,0.5627386340056546,118.11897302887473,224.69435951580468,393.31562405585885,0.33,0.6225
hard,0.26,0.5,cvar0.1,0.1,49,1,83.69736965909135,2.190325740566129,117.4229435978525,1117,0.5636562490253709,105.04279845108795,182.57513427146392,410.04924086885933,0.2225,0.455
hard,0.26,0.5,cvar0.5,0.5,0,1,88.84267046701663,1.4522156186374333,166.4746024323214,1063,0.7584474050090648,108.60328770938146,177.9199445591877,357.11804603860196,0.2475,0.49
hard,0.26,0.5,cvar0.5,0.5,1,1,86.60418484117706,2.2138951854250313,166.673044131035,1067,0.8107981079956517,112.15207371341091,200.6100516182709,484.8083972099645,0.26,0.4925
hard,0.26,0.5,cvar0.5,0.5,2,1,95.13150549481153,2.3198242727087384,169.55237041566005,998,0.6604579139966518,114.52990408645037,196.31351636990752,486.0102122059934,0.26,0.4425
hard,0.26,0.5,cvar0.5,0.5,3,1,84.11728414675014,1.6419877119227402,161.88112299266257,1006,0.799728644953575,113.81269372198034,226.72772033705778,449.1385632644167,0.2475,0.535
hard,0.26,0.5,cvar0.5,0.5,4,1,83.37878480459024,0.8823727789362663,174.7847173174667,1034,0.7351183280115947,111.31597274028987,197.57221565926312,393.31339547181307,0.255,0.615
hard,0.26,0.5,cvar0.5,0.5,5,1,87.82901836339144,1.39343663394307,168.92764354524127,1071,0.7983773710438982,115.74708562368173,200.9738751080112,466.08993232282063,0.2925,0.565
hard,0.26,0.5,cvar0.5,0.5,6,1,92.22091049332623,1.2102192816146342,172.2361091057322,1063,0.8088298279908486,119.78875406998877,227.7239035734693,422.6831243926786,0.3125,0.57
hard,0.26,0.5,cvar0.5,0.5,7,1,87.7816434814911,1.5073092933179666,160.00567986690706,950,0.6649683390278369,117.90653729359344,219.24816560709542,388.48735939106683,0.295,0.54
hard,0.26,0.5,cvar0.5,0.5,8,1,87.10215603338817,0.32277213796681714,213.07074627211463,1054,0.7139361589797772,118.54998939695024,222.97706782483408,316.659089084035,0.3125,0.6825
hard,0.26,0.5,cvar0.5,0.5,9,1,85.7612902376784,1.2722623035492813,177.85113144655372,1075,0.7669733610237017,118.91623175859583,229.5338238525464,394.51419905251873,0.3425,0.65
hard,0.26,0.5,cvar0.5,0.5,10,1,93.45019019805237,1.159953009848183,204.31469108712517,960,0.6441549579612911,134.5717175635121,261.3154403754196,410.1416594626184,0.4525,0.725
hard,0.26,0.5,cvar0.5,0.5,11,1,88.89249014941839,1.5361274587042808,174.25012673348883,1080,0.6819571019732393,116.14341191432236,186.07930835186355,471.52137231160424,0.32,0.68
hard,0.26,0.5,cvar0.5,0.5,12,1,97.96811371492487,0.8158787626558821,182.29489002004826,1083,0.6001289599807933,125.73591128270814,209.54114743670723,449.7803902992181,0.38,0.6
hard,0.26,0.5,cvar0.5,0.5,13,1,85.56266017344116,0.276851076626236,156.64001551119554,1070,0.5970264559728093,110.71632770120512,184.51321265973584,334.0014045609461,0.27,0.6175
hard,0.26,0.5,cvar0.5,0.5,14,1,87.69942623445678,0.2636464623904424,193.3340744236915,1071,0.5599689479568042,125.45117605352803,232.5419651315344,393.40433023557586,0.37,0.6625
hard,0.26,0.5,cvar0.5,0.5,15,1,91.31151630454272,1.3588427450469327,194.09476722901024,1050,0.5605732210096903,127.6944174445718,234.4531903958003,449.7869080404337,0.4,0.6625
hard,0.26,0.5,cvar0.5,0.5,16,1,89.45024625924113,1.2616039260813166,185.607983481586,1073,0.616824677970726,117.72183148481201,222.24541909668784,358.5913253626466,0.2975,0.555
hard,0.26,0.5,cvar0.5,0.5,17,1,95.64711677210435,1.7322065529607098,194.0304035955513,1065,0.5793979939771816,121.92442531143311,205.78663649849807,442.4198393887304,0.365,0.55
hard,0.26,0.5,cvar0.5,0.5,18,1,93.06464010875152,2.0156961848764317,164.62452394723604,1154,0.6555047520087101,110.96780973150159,175.38631752574494,406.22827935093903,0.215,0.4375
hard,0.26,0.5,cvar0.5,0.5,19,1,87.0350193243155,2.5765049367733113,159.6932489207383,1048,0.5458598090335727,106.00225875956957,167.31839755001516,349.84529592035267,0.22,0.525
hard,0.26,0.5,cvar0.5,0.5,20,1,84.4674927240976,0.84427360014991,172.59676697201948,1051,0.5701137340511195,112.06422974961717,204.98820201829992,297.9235217927769,0.285,0.57
hard,0.26,0.5,cvar0.5,0.5,21,1,83.56822716168345,1.7811018795872435,160.26271991668324,1103,0.5826464850106277,109.24454886299263,202.6315786096092,357.4258428108972,0.2375,0.535
hard,0.26,0.5,cvar0.5,0.5,22,1,89.74234563284003,2.3496352379224907,155.437587690937,1066,0.5419997129938565,109.19612991725374,197.9463917065632,330.4149081882854,0.2075,0.415
hard,0.26,0.5,cvar0.5,0.5,23,1,84.01776505318564,0.0407018259366283,184.98107099010068,1072,0.7935739209642634,119.32680086698119,228.76405176883642,387.4940664908851,0.335,0.6975
hard,0.26,0.5,cvar0.5,0.5,24,1,93.2922622711767,1.8790709423426781,173.40634226984014,1033,0.5161058679805137,115.69343123140654,202.0791485887536,395.1257176344818,0.2575,0.5475
hard,0.26,0.5,cvar0.5,0.5,25,1,84.22747984851955,1.436244041297317,183.90817806105636,1008,0.5268667189520784,120.09044522389325,239.43855316613545,425.1044865427101,0.31,0.655
hard,0.26,0.5,cvar0.5,0.5,26,1,88.52689027627035,1.4219488913893006,180.97667192899027,1020,0.537032945023384,114.43539449695332,196.40619127735667,356.9941421219592,0.315,0.61
hard,0.26,0.5,cvar0.5,0.5,27,1,88.38587818216703,0.970454435742858,179.78562074487635,1046,0.5554068750352599,121.91413133267505,219.79707350205493,427.0159732455675,0.3575,0.625
hard,0.26,0.5,cvar0.5,0.5,28,1,84.11099597901021,2.0201516071097965,159.6886621710528,1064,0.5429087709635496,111.03634292618506,200.16226103264285,492.1095305572332,0.2575,0.535
hard,0.26,0.5,cvar0.5,0.5,29,1,85.49058534489069,1.1955825378344365,189.26297107421968,1047,0.5919841440045275,126.54275629184811,253.29600310782234,508.2696028419679,0.36,0.6875
hard,0.26,0.5,cvar0.5,0.5,30,1,91.44566746184675,0.23465369934381286,204.34506605709134,1102,0.6074728209641762,130.91898236105294,246.0064188439297,456.2426804408101,0.4075,0.7025
hard,0.26,0.5,cvar0.5,0.5,31,1,84.67615304883066,0.03766064513335898,180.74217248674773,1063,0.6023163549834862,114.00642874901897,195.65036655197997,293.20790974929224,0.305,0.69
hard,0.26,0.5,cvar0.5,0.5,32,1,85.53400356760649,0.42358842567354404,185.30534529425347,1101,0.5912901220144704,123.87099277598607,229.03225818868646,511.10422772269754,0.3775,0.68
hard,0.26,0.5,cvar0.5,0.5,33,1,87.70165321090364,1.1510096400053094,204.7741303831072,1037,0.5770250690402463,129.11010793344093,238.36742347644775,477.27289139495224,0.415,0.735
hard,0.26,0.5,cvar0.5,0.5,34,1,84.19551378657758,0.5421555825167381,161.62241173026626,1073,0.6021865590009838,112.53852928754277,190.82215131067287,440.46105411204485,0.28,0.58
hard,0.26,0.5,cvar0.5,0.5,35,1,89.18918654913469,1.4275979735940147,171.11162019338113,1084,0.5538225210038945,114.0015794305591,200.83453851434942,407.53069193534685,0.285,0.605
hard,0.26,0.5,cvar0.5,0.5,36,1,100.28892165852766,0.856915850810809,214.83379836221448,993,0.5077867630170658,133.97910765202775,229.76222779912806,584.6900293547375,0.4725,0.6475
hard,0.26,0.5,cvar0.5,0.5,37,1,88.6506396573728,1.541357726161003,169.75361832159757,1052,0.5783813620219007,119.92933797475784,218.05322868477688,358.19040824369347,0.325,0.63
hard,0.26,0.5,cvar0.5,0.5,38,1,97.48870738621446,2.1679096836019536,192.7957376664561,1050,0.5313256069784984,125.93766761696774,232.5936923798258,408.98317134335963,0.3675,0.535
hard,0.26,0.5,cvar0.5,0.5,39,1,85.51478171425089,1.8602702008368213,167.27441580314175,1079,0.5755362549680285,113.84096410663913,206.23892086965648,435.41910663214014,0.2875,0.5375
hard,0.26,0.5,cvar0.5,0.5,40,1,94.19270262875467,0.2666635816936882,198.3267955627037,1050,0.5792893290054053,136.9842007154601,241.28501254339847,383.3882989718048,0.5125,0.755
hard,0.26,0.5,cvar0.5,0.5,41,1,91.5381929069872,1.0535086611591318,183.51966106684995,1052,0.5908557919901796,124.10682401729284,239.9413222605443,377.5105031676849,0.35,0.65
hard,0.26,0.5,cvar0.5,0.5,42,1,88.85863344730552,1.45424120524361,188.4908868140372,1070,0.5801105200080201,121.33779065580333,220.90690027860768,360.1905764628675,0.385,0.6575
hard,0.26,0.5,cvar0.5,0.5,43,1,85.6381417987813,2.31446285011775,148.0185787458514,1028,0.617144442978315,107.72039201673014,187.15552956964842,618.6960466143842,0.215,0.4375
hard,0.26,0.5,cvar0.5,0.5,44,1,84.93011028809153,1.68859283387454,170.01999692720668,1056,0.6285521949757822,114.2072058672036,219.2553112225593,322.92930587817443,0.28,0.5625
hard,0.26,0.5,cvar0.5,0.5,45,1,97.52746883687406,1.2896067467006298,220.14049952516478,1002,0.5559065900160931,130.04159956138668,255.85159142692416,588.7469212555313,0.39,0.635
hard,0.26,0.5,cvar0.5,0.5,46,1,90.19155609087257,1.2133718073325719,166.80113566943345,1054,0.5729192369617522,120.75286023179825,222.70902522144672,460.3894225744012,0.3075,0.645
hard,0.26,0.5,cvar0.5,0.5,47,1,83.14431683648345,0.45252609567929314,211.82910543643743,1010,0.553103961981833,122.2098023383943,223.4146631775698,477.5933187183733,0.3875,0.7275
hard,0.26,0.5,cvar0.5,0.5,48,1,83.85950377451121,0.999733555288195,170.46306687057955,1051,0.6190952099859715,115.20185296370896,204.49471681355118,318.6372565320211,0.3275,0.5925
hard,0.26,0.5,cvar0.5,0.5,49,1,84.35751522251655,2.190325740566129,162.17261956163043,1117,0.6203738870099187,105.18589298260902,189.1950759340159,542.3016876689826,0.1925,0.46
hard,0.26,0.5,cvar0.9,0.9,0,1,91.88086905051847,1.4522156186374333,359.5820857884237,1063,0.5814878540113568,109.58008228366762,173.66814761508252,354.89089021733486,0.2275,0.5175
hard,0.26,0.5,cvar0.9,0.9,1,1,89.85087154919323,2.2138951854250313,377.6530820888305,1067,0.492253412026912,109.4505326853762,172.50042442645523,332.41983696435983,0.2475,0.4875
hard,0.26,0.5,cvar0.9,0.9,2,1,97.75744871636167,2.3198242727087384,349.51877283110144,998,0.5356738150003366,113.29007839682748,173.86420438332445,281.24655817086136,0.26,0.4475
hard,0.26,0.5,cvar0.9,0.9,3,1,88.26548879389337,1.736687857658107,368.08391203229803,1006,0.4807079700403847,115.84984745519237,209.68062800850285,383.15612451546514,0.2675,0.595
hard,0.26,0.5,cvar0.9,0.9,4,1,87.4400048455858,1.5134017794824306,414.591780144807,1034,0.5465469880145974,111.6532748654721,197.38477212624633,304.19300260558464,0.265,0.6225
hard,0.26,0.5,cvar0.9,0.9,5,1,88.36095338325833,1.5763641152350045,367.427873700807,1071,0.5766405109898187,114.82618225519623,208.28994817546018,448.2020254804854,0.2825,0.5275
hard,0.26,0.5,cvar0.9,0.9,6,1,95.28074910565384,1.2102192816146342,381.8449046019365,1063,0.555568701995071,125.65656601177709,230.78001750046016,503.7183031098513,0.34,0.6
hard,0.26,0.5,cvar0.9,0.9,7,1,90.32458549408727,1.8853220197473632,333.2380139393687,950,0.4720124020241201,116.38378304467903,209.1170319142197,360.31818574550834,0.2675,0.5025
hard,0.26,0.5,cvar0.9,0.9,8,1,90.33375916545697,0.43985511162329427,587.271412273332,1054,0.5606581509928219,123.59260802947728,218.95830442424327,357.766796220427,0.3875,0.6725
hard,0.26,0.5,cvar0.9,0.9,9,1,109.02203540725519,2.118515850957067,395.5470500239242,1075,0.46628127997973934,129.34517253352507,220.53042630234964,444.5743923505687,0.43,0.455
hard,0.26,0.5,cvar0.9,0.9,10,1,101.99505431155761,1.159953009848183,505.1004054749986,960,0.4564974560053088,138.4898310705199,256.2767050695016,495.2445036954256,0.5,0.6825
hard,0.26,0.5,cvar0.9,0.9,11,1,101.91871752332759,1.5377631094573148,380.276668101019,1080,0.4806939620175399,124.8544605908989,199.16438613569952,378.75120185071387,0.3975,0.62
hard,0.26,0.5,cvar0.9,0.9,12,1,101.13608024317136,0.8158787626558821,391.56538296424344,1083,0.5675314540276304,128.46908567011485,220.52513985359218,351.59222421668903,0.41,0.61
hard,0.26,0.5,cvar0.9,0.9,13,1,94.03552982674769,2.5504080344016105,316.3025928594126,1070,0.4944941379944794,111.63530553353922,177.9994866441943,284.1239767896247,0.255,0.47
hard,0.26,0.5,cvar0.9,0.9,14,1,98.49251349038899,0.8207426168169438,476.85377262027936,1071,0.5478479780140333,127.03602544626567,217.4061760555337,349.499062936527,0.4075,0.6325
hard,0.26,0.5,cvar0.9,0.9,15,1,93.82543132757701,1.3588427450469327,481.79244182100985,1050,0.5415112000191584,129.0720015154636,229.55249356192832,440.47590597796466,0.4275,0.6875
hard,0.26,0.5,cvar0.9,0.9,16,1,94.2209630427645,1.2616039260813166,447.6345403741345,1073,0.5551919889985584,120.47491519683673,232.1808093143597,398.76814128075586,0.3175,0.52
hard,0.26,0.5,cvar0.9,0.9,17,1,97.4629979549641,1.7322065529607098,466.83531762880807,1065,0.5071220970130526,124.86631000594761,230.32857170568545,428.82432992200097,0.3675,0.575
hard,0.26,0.5,cvar0.9,0.9,18,1,95.46512236607035,2.2076724398052265,336.6423253791889,1154,0.7686372059979476,115.61838163785659,189.43007413341104,486.1225349125828,0.2575,0.4475
hard,0.26,0.5,cvar0.9,0.9,19,1,89.1051707904353,2.6718154677115944,332.5721407826854,1048,0.5854103390011005,106.38430135025634,168.2276892773064,314.2238074143618,0.225,0.4625
hard,0.26,0.5,cvar0.9,0.9,20,1,86.68014840512342,0.84427360014991,409.6093840352348,1051,0.4250444429926574,114.2561895184384,215.23784504694032,324.0606737985955,0.2675,0.575
hard,0.26,0.5,cvar0.9,0.9,21,1,85.06939293885931,1.7811018795872435,362.39453259121785,1103,0.5559341119951569,107.31289544783859,182.50351590780434,355.9563993952944,0.24,0.5775
hard,0.26,0.5,cvar0.9,0.9,22,1,91.45266484006618,2.3496352379224907,301.9368694744319,1066,0.5473387850215659,112.62735780154279,184.67524420488405,384.1665974651347,0.265,0.4075
hard,0.26,0.5,cvar0.9,0.9,23,1,87.76140532601549,0.0407018259366283,458.23974555220957,1072,0.5477016310323961,125.94901422486983,234.1946040708893,367.67479623588486,0.4075,0.7575
hard,0.26,0.5,cvar0.9,0.9,24,1,94.14453976752318,1.8790709423426781,389.7127760625428,1033,0.47441614599665627,117.76315712982957,212.6456083322246,486.34361847183857,0.2625,0.505
hard,0.26,0.5,cvar0.9,0.9,25,1,87.49632183690807,1.436244041297317,471.41070059377,1008,0.4870966849848628,121.88898898405436,235.8530184809376,431.08543236606624,0.36,0.6275
hard,0.26,0.5,cvar0.9,0.9,26,1,90.26893249237872,1.245528233989217,417.58365667815207,1020,0.6760235559777357,116.25496370836085,216.20129852221567,474.6036612120188,0.2875,0.5875
hard,0.26,0.5,cvar0.9,0.9,27,1,91.12712179200946,1.1604454595538458,418.1947581184377,1046,0.4706161629874259,119.75766677781685,202.00038723177917,448.90289996137676,0.3425,0.66
hard,0.26,0.5,cvar0.9,0.9,28,1,85.54978798229178,2.0201516071097965,350.89194746834767,1064,0.5413039579871111,108.45612667934157,185.37263305211798,515.3942157134428,0.2375,0.5325
hard,0.26,0.5,cvar0.9,0.9,29,1,93.75000518194994,1.4361751327688106,475.2810285851756,1047,0.5119425489683636,131.844044591297,235.9712513751121,337.3460330434352,0.4675,0.705
hard,0.26,0.5,cvar0.9,0.9,30,1,95.17616256760411,0.23465369934381286,517.5059315918132,1102,0.5804904490360059,135.29263438381392,229.6067755620623,471.1842782294426,0.4775,0.7375
hard,0.26,0.5,cvar0.9,0.9,31,1,86.51619497710843,0.03766064513335898,447.08327777174304,1063,0.49602848797803745,112.6378998680531,197.25345369036725,351.7229707141713,0.28,0.6825
hard,0.26,0.5,cvar0.9,0.9,32,1,92.22353426227849,0.6340677310123621,443.99422642662165,1101,0.5546749420464039,123.44866956787845,224.06088321674144,342.9987163786582,0.3925,0.67
hard,0.26,0.5,cvar0.9,0.9,33,1,102.51598707923822,1.1510096400053094,501.9078566961021,1037,0.4553905430366285,134.36119827258008,230.4961522561938,365.1402662597053,0.46,0.5875
hard,0.26,0.5,cvar0.9,0.9,34,1,88.4705120727709,0.6558451832717198,352.6835338054863,1073,0.5438438789569773,112.21296599970985,199.06526702242147,376.1028268962822,0.27,0.5175
hard,0.26,0.5,cvar0.9,0.9,35,1,89.62330322015099,1.4275979735940147,384.81084589186366,1084,0.5372290160157718,113.12535175263514,191.02043009722638,411.11259599861165,0.28,0.5775
hard,0.26,0.5,cvar0.9,0.9,36,1,102.72237805200061,0.856915850810809,535.0045722617709,993,0.45587629202054814,134.94859220166936,227.2400502054858,564.4741303313189,0.5075,0.6875
hard,0.26,0.5,cvar0.9,0.9,37,1,89.23907082062799,1.541357726161003,379.7936697203589,1052,0.5539911289815791,122.99143391854035,221.5108839058876,432.3295095797823,0.355,0.6725
hard,0.26,0.5,cvar0.9,0.9,38,1,99.61754400032449,2.1679096836019536,444.59308465425124,1050,0.6392205110169016,129.33441563095283,223.15217598873582,439.50491466049874,0.415,0.565
hard,0.26,0.5,cvar0.9,0.9,39,1,92.91054973530386,2.0801455557088575,369.5464970827109,1079,0.5351398159982637,116.63439638639993,194.5729900752459,397.6887748904659,0.2675,0.4875
hard,0.26,0.5,cvar0.9,0.9,40,1,97.73691500645387,0.3409154738225997,487.5665850448414,1050,0.48602773499442264,135.15142777508416,237.89885933297336,404.8961908049238,0.51,0.775
hard,0.26,0.5,cvar0.9,0.9,41,1,91.76685528294516,1.2003578968342667,431.4135956467035,1052,0.5273081929772161,119.70067646965792,196.7237412229295,442.50654424906486,0.3575,0.655
hard,0.26,0.5,cvar0.9,0.9,42,1,90.35196994347739,1.45424120524361,472.40803049901075,1070,0.4666355900117196,124.43553666497286,224.70761415190364,448.91125163286836,0.3725,0.655
hard,0.26,0.5,cvar0.9,0.9,43,1,86.69223473493926,2.31446285011775,291.0679388642701,1028,0.5073676009778865,106.30840141890259,173.16743982753357,385.42147887867935,0.2325,0.4425
hard,0.26,0.5,cvar0.9,0.9,44,1,91.14391308215752,1.7303930185741088,383.70376951133824,1056,0.5483914049691521,112.66037987354127,182.76631282415158,345.43109255453965,0.255,0.555
hard,0.26,0.5,cvar0.9,0.9,45,1,98.31655354340987,1.2896067467006298,573.5162109784136,1002,0.49819805898005143,130.8908337420342,228.13019098295143,327.4300978167185,0.42,0.66
hard,0.26,0.5,cvar0.9,0.9,46,1,104.7887972227733,2.740518361952276,323.47894736011665,1054,0.5673986219917424,124.67401059155225,200.5756078868678,327.70542706070495,0.385,0.4475
hard,0.26,0.5,cvar0.9,0.9,47,1,99.76097431154443,1.0783838432085049,562.7648751018685,1010,0.540294439997524,130.6070753786898,230.20087930429284,442.87817249526756,0.415,0.615
hard,0.26,0.5,cvar0.9,0.9,48,1,84.82005309240415,0.999733555288195,407.6120279832328,1051,0.4864695989526808,114.51176849213651,205.7925613708148,407.65688423658,0.275,0.7125
hard,0.26,0.5,cvar0.9,0.9,49,1,90.69708811062475,2.821734699759745,349.3450369436789,1117,0.6053485560114495,108.11522118186531,175.53611275724933,280.06477896243825,0.2275,0.455
medium,0.16,0.01,rrtstar,,0,1,80.5625313909114,0.1756301702739016,80.5625313909114,1183,0.16172408196143806,81.17937992928722,83.30098696227573,87.87857469517763,0.0,0.4875
medium,0.16,0.01,rrtstar,,1,1,80.2783838347287,0.17586635269133888,80.2783838347287,1191,0.16843882499961182,81.05054772354202,83.52313857627666,88.85247687737281,0.0,0.565
medium,0.16,0.01,rrtstar,,2,1,79.79914771711881,0.33984983583126427,79.7991477171188,1185,0.17617808404611424,80.63170177036145,83.20107007764062,88.2643560248606,0.0,0.5725
medium,0.16,0.01,rrtstar,,3,1,79.96095803817926,0.15769470043003198,79.96095803817926,1191,0.17597938800463453,80.51914945254848,82.56985247739793,88.01754877798298,0.0,0.485
medium,0.16,0.01,rrtstar,,4,1,80.15760351423195,0.1059374230087573,80.15760351423195,1217,0.1667028539814055,80.87446873135977,83.60986531613874,86.41353597032314,0.0,0.54
medium,0.16,0.01,rrtstar,,5,1,80.15691784007424,0.6151072594567273,80.15691784007427,1185,0.20847502100514248,81.06579117940575,83.53587047316681,86.17784365951933,0.0,0.6225
medium,0.16,0.01,rrtstar,,6,1,81.6047420431728,0.44986202232787686,81.6047420431728,1147,0.1593451249646023,82.61925868878375,85.55531624395324,91.70943557273081,0.0,0.635
medium,0.16,0.01,rrtstar,,7,1,81.53290779954216,0.0031465265426089406,81.53290779954216,1133,0.15268483600812033,82.78489091428503,85.70097156823618,90.4202468273066,0.0,0.7725
medium,0.16,0.01,rrtstar,,8,1,80.96612045021246,0.12632652100764097,80.96612045021246,1193,0.1718023020075634,81.92210753079209,84.56788326860523,91.05495822349286,0.0,0.6925
medium,0.16,0.01,rrtstar,,9,1,79.89581930903198,0.4387792260001957,79.895819309032,1213,0.16235507500823587,80.62042184932166,82.88242184889515,86.4625433979496,0.0,0.5175
medium,0.16,0.01,rrtstar,,10,1,80.41021645463837,0.42767718090318496,80.41021645463836,1142,0.15379037603270262,81.60438851867549,84.98684203891096,90.38343565009178,0.0,0.7175
medium,0.16,0.01,rrtstar,,11,1,79.7275401252344,0.38741030662022147,79.7275401252344,1241,0.15966479002963752,80.42757979664393,82.67469618675193,86.18059168137555,0.0,0.5725
medium,0.16,0.01,rrtstar,,12,1,80.88096906108535,0.07076020303453578,80.88096906108537,1193,0.1742189599899575,82.0926449117678,85.4185794226866,96.46906959078348,0.0,0.7475
medium,0.16,0.01,rrtstar,,13,1,80.80201256797274,0.6235607671958405,80.80201256797272,1226,0.16336876200512052,81.74680038195585,84.58330539301924,90.00197162637652,0.0,0.6325
medium,0.16,0.01,rrtstar,,14,1,82.0255913970532,0.009427876741022079,82.0255913970532,1206,0.16530928894644603,83.21180005227663,85.8711656003822,89.59957514767179,0.0,0.7825
medium,0.16,0.01,rrtstar,,15,1,79.86964728525486,0.32575741700509275,79.86964728525486,1228,0.17118500504875556,80.77993843177853,83.03118535179559,86.18388904882181,0.0,0.7325
medium,0.16,0.01,rrtstar,,16,1,79.80909630412506,0.26838780820218533,79.80909630412505,1261,0.17451144399819896,80.6982741544519,83.36579457783884,89.3579383945281,0.0,0.61
medium,0.16,0.01,rrtstar,,17,1,79.58653794637529,0.058606128473710495,79.58653794637527,1245,0.1692315930267796,80.55004958586294,83.59892986157817,91.94329852094928,0.0,0.6525
medium,0.16,0.01,rrtstar,,18,1,80.53550339748429,0.24784439626780808,80.53550339748426,1245,0.16524606000166386,81.55971326003655,84.67168970230412,91.82313356268966,0.0,0.6475
medium,0.16,0.01,rrtstar,,19,1,80.22679574438226,0.05313859276882038,80.22679574438226,1201,0.16211122402455658,80.89668268063232,83.09913684494276,86.25943688108354,0.0,0.5575
medium,0.16,0.01,rrtstar,,20,1,80.42463492442099,0.03230313451190181,80.42463492442099,1149,0.1595695000141859,81.30101291458878,83.42348411381224,91.20673857398768,0.0,0.6725
medium,0.16,0.01,rrtstar,,21,1,79.3809930976804,0.9258261051983148,79.38099309768043,1218,0.1625089959707111,79.85885696148046,81.78617308351761,87.36012208102173,0.0,0.39
medium,0.16,0.01,rrtstar,,22,1,80.98181492788305,0.8703146327325357,80.98181492788305,1156,0.16913521097740158,81.34114533923865,83.15636196657884,87.43462815769288,0.0,0.3375
medium,0.16,0.01,rrtstar,,23,1,81.8036971846946,0.05344436117469398,81.80369718469457,1197,0.19624558498617262,82.6965951322811,85.56349000643094,90.45921101107685,0.0,0.61
medium,0.16,0.01,rrtstar,,24,1,81.94128355113926,0.018057190238894183,81.94128355113924,1231,0.15802596200956032,83.47882467934363,87.14384164205615,92.39996321169787,0.0,0.8325
medium,0.16,0.01,rrtstar,,25,1,80.01018655447602,0.48698466207393043,80.01018655447602,1169,0.15916050696978346,80.74391524716111,82.75743653253865,87.21061618999092,0.0,0.5875
medium,0.16,0.01,rrtstar,,26,1,80.72789936614694,0.16795623695945183,80.72789936614697,1201,0.17817177204415202,81.62662726646387,84.50698409914709,90.31818107816392,0.0,0.6425
medium,0.16,0.01,rrtstar,,27,1,79.4767016703431,0.1128783895979486,79.4767016703431,1247,0.15860275301383808,79.95358134118402,82.02298233604401,84.27221022074602,0.0,0.505
medium,0.16,0.01,rrtstar,,28,1,79.59825397760122,0.12538819929510758,79.59825397760122,1255,0.16865399200469255,80.55748438257929,83.85104296404016,87.96116560767459,0.0,0.5625
medium,0.16,0.01,rrtstar,,29,1,80.2308062044346,0.04761361769590433,80.23080620443461,1262,0.19560986396390945,81.36944592368037,84.06444741106685,91.2940944261835,0.0,0.735
medium,0.16,0.01,rrtstar,,30,1,80.36066567334223,0.34102604739462716,80.36066567334223,1196,0.16841274598846212,81.2853568972422,83.55072946505736,92.63995935794702,0.0,0.685
medium,0.16,0.01,rrtstar,,31,1,81.68282826671074,0.4719294391327047,81.68282826671076,1168,0.1692795039853081,82.64236343457392,85.19260744121296,88.12546952420077,0.0,0.715
medium,0.16,0.01,rrtstar,,32,1,79.78185692492369,0.02130450633650094,79.7818569249237,1189,0.21087993698893115,80.42021650789418,82.44022552406798,86.37475562071239,0.0,0.5875
medium,0.16,0.01,rrtstar,,33,1,79.80526605744413,0.13902373074509367,79.80526605744414,1220,0.21856924099847674,80.91768446676326,83.80048603944172,87.04487801944282,0.0,0.745
medium,0.16,0.01,rrtstar,,34,1,80.552920954354,0.24646323521867508,80.552920954354,1215,0.18285674799699336,81.22202734730341,83.46802219725038,87.6814961738964,0.0,0.565
medium,0.16,0.01,rrtstar,,35,1,79.30161380175653,1.8612864943385719,79.30161380175653,1223,0.18115681398194283,79.77934641656108,81.91304647904045,86.27498177027985,0.0,0.375
medium,0.16,0.01,rrtstar,,36,1,80.44400323850311,0.05913075346922536,80.44400323850313,1157,0.16155232803430408,81.3254646690322,83.74482864700974,87.25908256683842,0.0,0.68
medium,0.16,0.01,rrtstar,,37,1,80.31822391029014,0.16494595948069168,80.31822391029013,1166,0.1797144280280918,81.26181957910352,84.11394949998264,87.50229460022219,0.0,0.625
medium,0.16,0.01,rrtstar,,38,1,80.97574533016996,0.09606777641144681,80.97574533016996,1259,0.17089477699482813,82.17541438232348,85.25225278998512,90.6106715351014,0.0,0.7375
medium,0.16,0.01,rrtstar,,39,1,80.781198452832,0.014076705142426427,80.78119845283197,1147,0.15947665396379307,81.79989852454223,84.64675418876945,86.84516236267044,0.0,0.6775
medium,0.16,0.01,rrtstar,,40,1,83.49793500948668,0.075657185613073,83.49793500948668,1068,0.15492335800081491,84.55900297758554,87.54649326433623,91.50656897363665,0.0,0.7175
medium,0.16,0.01,rrtstar,,41,1,80.30219539901066,0.05957026765749962,80.30219539901066,1206,0.18760886997915804,81.73263503993499,85.04136371484007,89.21618472363699,0.0,0.82
medium,0.16,0.01,rrtstar,,42,1,79.9567147990519,0.07059602010088373,79.95671479905187,1228,0.17536721099168062,80.75140696966301,83.24502786024358,88.6878957212593,0.0,0.64
medium,0.16,0.01,rrtstar,,43,1,80.45938076883891,0.45305996553687455,80.45938076883891,1175,0.15820525103481486,81.37927006945975,84.11357340583676,86.9764130468016,0.0,0.675
medium,0.16,0.01,rrtstar,,44,1,79.6764647818221,0.775179092041594,79.67646478182209,1211,0.17573494603857398,80.38353960493606,82.78457602907375,84.69021565656487,0.0,0.56
medium,0.16,0.01,rrtstar,,45,1,80.71348450842976,0.11786725008390375,80.71348450842974,1190,0.16295404796255752,81.56691836380655,84.35160970417931,89.72361545999003,0.0,0.6025
medium,0.16,0.01,rrtstar,,46,1,80.34328711963079,0.2170847308101549,80.34328711963082,1222,0.17225009901449084,81.22254172281832,83.73409799140266,86.87430643150591,0.0,0.6625
medium,0.16,0.01,rrtstar,,47,1,81.00769377084974,0.13257972488196068,81.00769377084977,1211,0.17786657600663602,81.83472466341009,84.52688848232413,87.57810596318585,0.0,0.645
medium,0.16,0.01,rrtstar,,48,1,79.67428119690385,0.42295629225153153,79.67428119690386,1244,0.17526438599452376,80.66090788578005,83.5050162331274,89.12752257132959,0.0,0.675
medium,0.16,0.01,rrtstar,,49,1,80.20432034260497,0.447915901186986,80.20432034260497,1245,0.18674902495695278,80.77237692995931,82.63865157488202,87.09009182073983,0.0,0.4625
medium,0.16,0.01,neutral,0.0,0,1,80.5151456853655,0.1756301702739016,81.22780566233818,1183,0.29888563696295023,81.0889848626777,83.32309920629446,86.94712392626813,0.0,0.4475
medium,0.16,0.01,neutral,0.0,1,1,80.28039658167437,0.17586635269133888,80.94679078805028,1191,0.3368886099779047,81.02152466553949,83.41473221633298,88.81140844278269,0.0,0.5525
medium,0.16,0.01,neutral,0.0,2,1,79.84172073825643,0.33984983583126427,80.44126159193524,1185,0.2957379260333255,80.58117145419286,82.97907217820294,86.0322024831444,0.0,0.6325
medium,0.16,0.01,neutral,0.0,3,1,79.94955986924597,0.15769470043003198,80.45472305357879,1191,0.28814462397713214,80.521916057411,82.5702234315599,87.74290936415682,0.0,0.48
medium,0.16,0.01,neutral,0.0,4,1,80.15969600212516,0.1059374230087573,80.88207324659588,1217,0.3055029340321198,80.89493026824063,82.96215843834852,85.94713816651114,0.0,0.59
medium,0.16,0.01,neutral,0.0,5,1,80.26443828947666,0.5783584603718164,80.9819462611017,1185,0.3040745339822024,81.03775153588457,83.74509327888046,89.69529873176407,0.0,0.615
medium,0.16,0.01,neutral,0.0,6,1,81.9485104028447,0.7558540024524758,82.64925803693532,1147,0.43402184295700863,82.7827882178981,85.03532836568758,88.13824342542014,0.0,0.685
medium,0.16,0.01,neutral,0.0,7,1,81.53290779954216,0.0031465265426089406,82.59729517125315,1133,0.4267075869720429,82.78489091428503,85.70097156823618,90.4202468273066,0.0,0.7725
medium,0.16,0.01,neutral,0.0,8,1,80.83271884494114,0.12632652100764097,81.90570136405458,1193,0.523660117003601,81.6298029315209,83.86279540714486,86.99669963298363,0.0,0.655
medium,0.16,0.01,neutral,0.0,9,1,79.93697354445963,0.5193919450037234,80.5744802628549,1213,0.5561466430081055,80.5887173262033,82.71242684628167,90.60313162689019,0.0,0.5275
medium,0.16,0.01,neutral,0.0,10,1,80.51314454555853,0.42767718090318496,81.42239975789846,1142,0.30113599001197144,81.39250933969134,83.86622328899676,87.1365711924269,0.0,0.73
medium,0.16,0.01,neutral,0.0,11,1,79.87444826792074,0.9448237648282336,80.3388527362232,1241,0.3442141260020435,80.33168532735314,82.141436487175,86.90816976775419,0.0,0.43
medium,0.16,0.01,neutral,0.0,12,1,81.24480209704235,0.07076020303453578,82.24275823204005,1193,0.31756957300240174,82.32311479606783,85.17185214544577,89.10227344525768,0.0,0.7475
medium,0.16,0.01,neutral,0.0,13,1,80.80205858839334,0.6235607671958405,81.5320722573583,1226,0.35822761501185596,81.70206304683312,84.04723266022576,87.17467466564105,0.0,0.6625
medium,0.16,0.01,neutral,0.0,14,1,82.14234626698278,0.1400848117786091,83.16649923283036,1206,0.33631802099989727,83.16038603235384,85.5518172129152,88.79174417159365,0.0,0.755
medium,0.16,0.01,neutral,0.0,15,1,79.87113276108887,0.3241418890492047,80.78594713328388,1228,0.3575208399561234,80.88536373241584,83.53870336071472,86.67448183947606,0.0,0.7575
medium,0.16,0.01,neutral,0.0,16,1,79.84563880327677,0.26838780820218533,80.79781222797942,1261,0.3696495150215924,80.76691479760221,83.35798419822498,87.3745839126352,0.0,0.7025
medium,0.16,0.01,neutral,0.0,17,1,79.60686574398468,0.1385901734744488,80.57897656761153,1245,0.4090646479744464,80.45467730537595,82.69930828403575,84.9453045389005,0.0,0.8
medium,0.16,0.01,neutral,0.0,18,1,80.53550339748429,0.24784439626780808,81.29273228941567,1245,0.33276725898031145,81.4010875056385,83.80019625066909,88.39697878381216,0.0,0.6375
medium,0.16,0.01,neutral,0.0,19,1,80.2387596209552,0.05313859276882038,80.83897034436168,1201,0.28633818903472275,80.7877447008928,82.79835691125591,85.85587924159164,0.0,0.6225
medium,0.16,0.01,neutral,0.0,20,1,80.68922701479478,0.017016345996245796,81.53839198289064,1149,0.2661973190261051,81.50557096682752,84.13315443297236,91.51311668567281,0.0,0.625
medium,0.16,0.01,neutral,0.0,21,1,79.38196777602016,0.9258261051983148,79.7980608930096,1218,0.3380462690256536,79.83503462565206,81.59934900877839,87.35756190653402,0.0,0.3825
medium,0.16,0.01,neutral,0.0,22,1,80.9842038465627,0.8703146327325357,81.32246779262486,1156,0.3671662319684401,81.34634446800465,83.13339363533692,87.43631572821086,0.0,0.35
medium,0.16,0.01,neutral,0.0,23,1,81.48388489169825,0.05344436117469398,82.23477193377488,1197,0.3699401749763638,82.34520930359908,85.18703292216917,91.59370502033028,0.0,0.57
medium,0.16,0.01,neutral,0.0,24,1,81.95366383668693,0.05619516938499247,83.10094768555655,1231,0.3201877319952473,83.16795417881531,85.80887540948649,91.13433267841518,0.0,0.8225
medium,0.16,0.01,neutral,0.0,25,1,79.92507777014177,0.3811145501530073,80.66805122469644,1169,0.3427379969507456,80.77411820276934,83.43763091754442,87.81099162888758,0.0,0.6225
medium,0.16,0.01,neutral,0.0,26,1,80.8855828873097,0.27210521162187207,81.45701427306794,1201,0.3652629140415229,81.39028932974043,83.22255729195629,86.78318713662794,0.0,0.465
medium,0.16,0.01,neutral,0.0,27,1,79.45720208431439,0.1128783895979486,79.85165105111167,1247,0.3530380969750695,79.86944741977733,81.245946149653,86.11080211824648,0.0,0.61
medium,0.16,0.01,neutral,0.0,28,1,79.78891223275095,0.8638939886526429,80.35776444203952,1255,0.3732770730275661,80.48160130149316,83.14052364250819,87.95236964296025,0.0,0.515
medium,0.16,0.01,neutral,0.0,29,1,80.33549790821984,0.32109992525411046,81.20070012127533,1262,0.38966295501450077,81.24823975441768,83.64970400996866,89.15860924803256,0.0,0.7325
medium,0.16,0.01,neutral,0.0,30,1,80.39195155533488,0.34102604739462716,81.19617365880798,1196,0.46796619502129033,81.27485454979816,83.74450815798649,86.5358939387379,0.0,0.6275
medium,0.16,0.01,neutral,0.0,31,1,81.65103144577512,0.3692758164123946,82.46166792612664,1168,0.4555148489889689,82.32076144164475,84.29395573084774,88.0915850643048,0.0,0.61
medium,0.16,0.01,neutral,0.0,32,1,79.81601037535357,0.02130450633650094,80.4155470468807,1189,0.4588053689803928,80.41377415137623,82.40028745125534,86.41035192245796,0.0,0.5825
medium,0.16,0.01,neutral,0.0,33,1,79.83795490722255,0.19171238780333688,80.82109392341445,1220,0.3856410020380281,81.02005146602964,83.7856892882404,94.83699424409502,0.0,0.7775
medium,0.16,0.01,neutral,0.0,34,1,80.51862876422616,0.24646323521867508,80.99057698866207,1215,0.3095596230123192,81.06001039501182,83.17239235243852,85.60713330536963,0.0,0.5225
medium,0.16,0.01,neutral,0.0,35,1,79.31089307835175,1.8612864943385719,79.72626686081443,1223,0.3007718320004642,79.72134560716736,81.32927615962927,84.75306403350848,0.0,0.445
medium,0.16,0.01,neutral,0.0,36,1,80.443418982813,0.05913075346922536,81.44817123830884,1157,0.33147743198787794,81.36689975254862,83.88432729683159,87.6293098853507,0.0,0.7275
medium,0.16,0.01,neutral,0.0,37,1,80.32610182444827,0.16494595948069168,81.13058256752777,1166,0.5021784529672004,81.29080080492513,84.06396967890568,87.76823562254025,0.0,0.6525
medium,0.16,0.01,neutral,0.0,38,1,80.98914948030753,0.16877984443882355,81.99205523714,1259,0.3625154410256073,81.92274408782454,84.43532074697322,91.19449568467866,0.0,0.7025
medium,0.16,0.01,neutral,0.0,39,1,80.79288048609021,0.014076705142426427,81.73268664310142,1147,0.3121832209872082,81.71014438761306,84.04439105860077,87.32865798672017,0.0,0.7025
medium,0.16,0.01,neutral,0.0,40,1,83.50884098872802,0.075657185613073,84.459669554228,1068,0.30211106297792867,84.55040063380349,87.5357055985363,91.52319116542007,0.0,0.7125
medium,0.16,0.01,neutral,0.0,41,1,80.31330669315543,0.05957026765749962,81.4577874177426,1206,0.5769158120383509,81.5077939407409,84.54179861534134,86.44904106530358,0.0,0.79
medium,0.16,0.01,neutral,0.0,42,1,79.96432035053726,0.07059602010088373,80.79888564691815,1228,0.49166826700093225,80.72744617494851,82.74466459402149,86.91626004043069,0.0,0.66
medium,0.16,0.01,neutral,0.0,43,1,80.47828406780732,0.45305996553687455,81.18595339959217,1175,0.5573122469941154,81.31186911143894,83.79711954137737,87.37771400699833,0.0,0.6525
medium,0.16,0.01,neutral,0.0,44,1,79.6972388105461,0.7228444261192024,80.40699723708758,1211,0.36399886501021683,80.49775495155444,83.09513946902739,87.30564569605096,0.0,0.62
medium,0.16,0.01,neutral,0.0,45,1,80.72300303788836,0.11786725008390375,81.7106847784724,1190,0.3977093140129,81.6138936002808,83.98629349217646,89.15504865936134,0.0,0.7275
medium,0.16,0.01,neutral,0.0,46,1,80.33615476225246,0.2170847308101549,80.98345964896224,1222,0.310841586033348,81.15506466663918,83.22649477418375,86.49764489512795,0.0,0.6875
medium,0.16,0.01,neutral,0.0,47,1,81.08613753815075,0.13257972488196068,81.89930667454313,1211,0.3468809280311689,81.74108160644133,84.08160765653392,88.60277560768562,0.0,0.5625
medium,0.16,0.01,neutral,0.0,48,1,79.48939589848719,0.840433439153349,80.15572970518882,1244,0.4507376489927992,80.21017516087748,82.48478923508625,87.66367310927102,0.0,0.6175
medium,0.16,0.01,neutral,0.0,49,1,80.16398033814153,0.8569466084668154,80.68676966117413,1245,0.48332222999306396,80.60260384457233,82.27167961180649,86.65954554456458,0.0,0.4225
medium,0.16,0.01,cvar0.1,0.1,0,1,80.53156128998884,0.2643379515238875,81.45511462219915,1183,0.7187504289904609,81.09365180373642,83.3294133666592,87.07149770106481,0.0,0.44
medium,0.16,0.01,cvar0.1,0.1,1,1,80.28039658167437,0.17586635269133888,81.16150621342258,1191,0.8239483550423756,80.89094496634563,83.10511636864653,86.20031630626383,0.0,0.5675
medium,0.16,0.01,cvar0.1,0.1,2,1,79.84172073825643,0.33984983583126427,80.66408011406105,1185,0.6654697270132601,80.58117145419286,82.97907217820294,86.0322024831444,0.0,0.6325
medium,0.16,0.01,cvar0.1,0.1,3,1,79.99368410660114,0.15769470043003198,80.65943427263866,1191,0.6798772300244309,80.48895314149371,82.57238599520197,85.49724162464703,0.0,0.515
medium,0.16,0.01,cvar0.1,0.1,4,1,80.15969600212516,0.1059374230087573,81.1160164719387,1217,0.9117771700257435,80.89493026824063,82.96215843834852,85.94713816651114,0.0,0.59
medium,0.16,0.01,cvar0.1,0.1,5,1,80.26443828947666,0.5783584603718164,81.21265852756875,1185,0.5535417399951257,81.13913047740067,84.13350735896942,87.09058556510593,0.0,0.6275
medium,0.16,0.01,cvar0.1,0.1,6,1,81.9485104028447,0.7558540024524758,82.88261348807688,1147,0.5488633770146407,82.7827882178981,85.03532836568758,88.13824342542014,0.0,0.685
medium,0.16,0.01,cvar0.1,0.1,7,1,81.53290779954216,0.0031465265426089406,82.86683881096971,1133,0.48974238603841513,82.78489091428503,85.70097156823618,90.4202468273066,0.0,0.7725
medium,0.16,0.01,cvar0.1,0.1,8,1,80.83271884494114,0.12632652100764097,82.17683192521261,1193,0.8560496239806525,81.51511045051262,83.53273469132796,90.23737439940851,0.0,0.6375
medium,0.16,0.01,cvar0.1,0.1,9,1,79.93697354445963,0.5193919450037234,80.7935674269015,1213,0.709466109983623,80.5887173262033,82.71242684628167,90.60313162689019,0.0,0.5275
medium,0.16,0.01,cvar0.1,0.1,10,1,80.51314454555853,0.42767718090318496,81.67707885366197,1142,0.6506327029783279,81.39250933969134,83.86622328899676,87.1365711924269,0.0,0.73
medium,0.16,0.01,cvar0.1,0.1,11,1,79.87444826792074,0.9448237648282336,80.54513109217997,1241,0.7425476510543376,80.33168532735314,82.141436487175,86.90816976775419,0.0,0.43
medium,0.16,0.01,cvar0.1,0.1,12,1,81.24480209704235,0.07076020303453578,82.50847994083388,1193,0.7672460160101764,82.32311479606783,85.17185214544577,89.10227344525768,0.0,0.7475
medium,0.16,0.01,cvar0.1,0.1,13,1,80.80205858839334,0.6235607671958405,81.76844265124701,1226,0.7656313339830376,81.72414392365374,84.43501132949874,88.64771240652716,0.0,0.6325
medium,0.16,0.01,cvar0.1,0.1,14,1,82.14234626698278,0.1400848117786091,83.4378179970991,1206,0.5753392619662918,83.16038603235384,85.5518172129152,88.79174417159365,0.0,0.755
medium,0.16,0.01,cvar0.1,0.1,15,1,79.87113276108887,0.3241418890492047,81.03862806053982,1228,0.6207077379804105,80.88536373241584,83.53870336071472,86.67448183947606,0.0,0.7575
medium,0.16,0.01,cvar0.1,0.1,16,1,79.84563880327677,0.26838780820218533,81.06984690453929,1261,0.8924165450152941,80.80777899777168,83.80697859557937,88.39549224029243,0.0,0.6775
medium,0.16,0.01,cvar0.1,0.1,17,1,79.60914882276327,0.1385901734744488,80.84302720834665,1245,0.6782818149658851,80.45735515880085,82.67723254432919,86.39273607404596,0.0,0.7875
medium,0.16,0.01,cvar0.1,0.1,18,1,80.53550339748429,0.24784439626780808,81.53075831433144,1245,0.7012649779790081,81.4010875056385,83.80019625066909,88.39697878381216,0.0,0.6375
medium,0.16,0.01,cvar0.1,0.1,19,1,80.2387596209552,0.05313859276882038,81.06098313061693,1201,0.6285957380314358,80.90108227486945,83.16372319942491,86.31507171713244,0.0,0.6075
medium,0.16,0.01,cvar0.1,0.1,20,1,80.68922701479478,0.017016345996245796,81.78484603042466,1149,0.755851186986547,81.50557096682752,84.13315443297236,91.51311668567281,0.0,0.625
medium,0.16,0.01,cvar0.1,0.1,21,1,79.38196777602016,0.9258261051983148,80.00182210985102,1218,0.7883587540127337,79.83503462565206,81.59934900877839,87.35756190653402,0.0,0.3825
medium,0.16,0.01,cvar0.1,0.1,22,1,80.9842038465627,0.8703146327325357,81.52033437693028,1156,0.8576564909890294,81.34634446800465,83.13339363533692,87.43631572821086,0.0,0.35
medium,0.16,0.01,cvar0.1,0.1,23,1,81.48388489169825,0.05344436117469398,82.47227709969503,1197,0.6563262239797041,82.34520930359908,85.18703292216917,91.59370502033028,0.0,0.57
medium,0.16,0.01,cvar0.1,0.1,24,1,81.95366383668693,0.05619516938499247,83.3864339469871,1231,0.7845606339978985,83.16795417881531,85.80887540948649,91.13433267841518,0.0,0.8225
medium,0.16,0.01,cvar0.1,0.1,25,1,79.92631463491813,0.3811145501530073,80.90475166610503,1169,0.8293022160069086,80.77610234216522,83.53117091149804,87.8085748450013,0.0,0.625
medium,0.16,0.01,cvar0.1,0.1,26,1,80.8855828873097,0.27210521162187207,81.67245633003087,1201,0.9482401430141181,81.39028932974043,83.22255729195629,86.78318713662794,0.0,0.465
medium,0.16,0.01,cvar0.1,0.1,27,1,79.45720208431439,0.1128783895979486,80.05001672088633,1247,1.0017966760206036,79.86944741977733,81.245946149653,86.11080211824648,0.0,0.61
medium,0.16,0.01,cvar0.1,0.1,28,1,79.78891223275095,0.8638939886526429,80.57521121706057,1255,0.931359234964475,80.48160130149316,83.14052364250819,87.95236964296025,0.0,0.515
medium,0.16,0.01,cvar0.1,0.1,29,1,80.33549790821984,0.32109992525411046,81.44555084754491,1262,0.8184270589845255,81.24823975441768,83.64970400996866,89.15860924803256,0.0,0.7325
medium,0.16,0.01,cvar0.1,0.1,30,1,80.39497508832693,0.34102604739462716,81.44430990106542,1196,0.7137473420007154,81.26123695498863,84.08265645413036,88.77420246688499,0.0,0.6325
medium,0.16,0.01,cvar0.1,0.1,31,1,81.65103144577512,0.3692758164123946,82.71400243889315,1168,0.7227636650204659,82.32076144164475,84.29395573084774,88.0915850643048,0.0,0.61
medium,0.16,0.01,cvar0.1,0.1,32,1,79.81601037535357,0.02130450633650094,80.64037347349277,1189,0.6787525539984927,80.41377415137623,82.40028745125534,86.41035192245796,0.0,0.5825
medium,0.16,0.01,cvar0.1,0.1,33,1,79.83795490722255,0.19171238780333688,81.08409212172414,1220,0.700238557998091,81.02005146602964,83.7856892882404,94.83699424409502,0.0,0.7775
medium,0.16,0.01,cvar0.1,0.1,34,1,80.51862876422616,0.24646323521867508,81.20909454365828,1215,0.7141508550266735,81.06001039501182,83.17239235243852,85.60713330536963,0.0,0.5225
medium,0.16,0.01,cvar0.1,0.1,35,1,79.31089307835175,1.8612864943385719,79.9261788885616,1223,0.7085208329954185,79.72134560716736,81.32927615962927,84.75306403350848,0.0,0.445
medium,0.16,0.01,cvar0.1,0.1,36,1,80.45071325359731,0.05913075346922536,81.7153569324421,1157,0.6045578310149722,81.45939145765438,84.01622846284322,87.60250473687378,0.0,0.7175
medium,0.16,0.01,cvar0.1,0.1,37,1,80.33608222773356,0.16494595948069168,81.37321333689046,1166,0.6431606580154039,81.2256367245604,83.66105731147462,87.83571039238917,0.0,0.68
medium,0.16,0.01,cvar0.1,0.1,38,1,81.1091284274986,0.4684727623224987,82.12748841229762,1259,0.6670074040303007,81.92591041482419,84.5589179534231,91.34731145544832,0.0,0.6075
medium,0.16,0.01,cvar0.1,0.1,39,1,80.79288048609021,0.014076705142426427,81.99130594804025,1147,0.4817204829887487,81.71014438761306,84.04439105860077,87.32865798672017,0.0,0.7025
medium,0.16,0.01,cvar0.1,0.1,40,1,83.50884098872802,0.075657185613073,84.72791362257962,1068,0.75130517402431,84.55040063380349,87.5357055985363,91.52319116542007,0.0,0.7125
medium,0.16,0.01,cvar0.1,0.1,41,1,80.35376109838354,0.05957026765749962,81.75913825410882,1206,0.9587639250094071,81.53410718542655,84.32912980593113,89.22753038796282,0.0,0.7775
medium,0.16,0.01,cvar0.1,0.1,42,1,79.96432035053726,0.07059602010088373,81.03885396494118,1228,0.9427591619896702,80.72744617494851,82.74466459402149,86.91626004043069,0.0,0.66
medium,0.16,0.01,cvar0.1,0.1,43,1,80.47828406780732,0.45305996553687455,81.42075195072158,1175,0.7580678570084274,81.31186911143894,83.79711954137737,87.37771400699833,0.0,0.6525
medium,0.16,0.01,cvar0.1,0.1,44,1,79.6972388105461,0.7228444261192024,80.64702554482388,1211,0.9289743769913912,80.49775495155444,83.09513946902739,87.30564569605096,0.0,0.62
medium,0.16,0.01,cvar0.1,0.1,45,1,80.72300303788836,0.11786725008390375,81.97843426435846,1190,0.7982009469997138,81.6138936002808,83.98629349217646,89.15504865936134,0.0,0.7275
medium,0.16,0.01,cvar0.1,0.1,46,1,80.49038543527239,0.2170847308101549,81.19976658074759,1222,0.844921619980596,81.10770595870751,83.00990311466552,87.66099197226625,0.0,0.615
medium,0.16,0.01,cvar0.1,0.1,47,1,81.08613753815075,0.13257972488196068,82.14757473419932,1211,0.8881600489839911,81.74108160644133,84.08160765653392,88.60277560768562,0.0,0.5625
medium,0.16,0.01,cvar0.1,0.1,48,1,79.48939589848719,0.840433439153349,80.38278903883912,1244,0.996138249989599,80.21017516087748,82.48478923508625,87.66367310927102,0.0,0.6175
medium,0.16,0.01,cvar0.1,0.1,49,1,80.16398033814153,0.8569466084668154,80.90334587101812,1245,0.9075728129828349,80.60260384457233,82.27167961180649,86.65954554456458,0.0,0.4225
medium,0.16,0.01,cvar0.5,0.5,0,1,80.57894699553475,0.2643379515238875,82.68251880722201,1183,0.8838743080268614,81.1704477581816,83.30735563825002,87.89577715902112,0.0,0.4775
medium,0.16,0.01,cvar0.5,0.5,1,1,80.29680300265538,0.17586635269133888,82.21568020155932,1191,0.9875149500439875,80.96254965228934,82.76998894428375,86.5549990981255,0.0,0.5975
medium,0.16,0.01,cvar0.5,0.5,2,1,79.84172073825643,0.33984983583126427,81.67785567576475,1185,0.6312356280395761,80.58117145419286,82.97907217820294,86.0322024831444,0.0,0.6325
medium,0.16,0.01,cvar0.5,0.5,3,1,80.07977985810024,0.5443062131709953,81.51546840472318,1191,0.6935028560110368,80.54685093701606,82.69258605707189,85.56715212196863,0.0,0.48
medium,0.16,0.01,cvar0.5,0.5,4,1,80.17176406562882,0.5394858923899828,82.046060332778,1217,0.6564656579867005,80.85297094256923,82.94449901204246,88.3085981427124,0.0,0.585
medium,0.16,0.01,cvar0.5,0.5,5,1,80.26513102882942,0.5783584603718164,82.28708764676544,1185,0.6957560760201886,81.08633526468792,83.87405967295389,87.08710686433965,0.0,0.615
medium,0.16,0.01,cvar0.5,0.5,6,1,81.70835769222396,0.7558540024524758,83.73960406891841,1147,0.8721652160165831,82.62061344612441,85.00218304331366,91.50296039625094,0.0,0.7
medium,0.16,0.01,cvar0.5,0.5,7,1,81.53290779954216,0.0031465265426089406,84.2611079793554,1133,0.8567359610460699,82.78489091428503,85.70097156823618,90.4202468273066,0.0,0.7725
medium,0.16,0.01,cvar0.5,0.5,8,1,80.92037445262726,0.12632652100764097,83.55178497575805,1193,0.9434536350308917,81.63540401321801,83.6496095953929,86.90134072008715,0.0,0.635
medium,0.16,0.01,cvar0.5,0.5,9,1,79.94458804082286,0.5193919450037234,81.78301526497037,1213,0.9752112040296197,80.6499784417431,82.8526432643874,89.94560837439332,0.0,0.5925
medium,0.16,0.01,cvar0.5,0.5,10,1,80.54921692786974,0.42767718090318496,82.93671349441392,1142,0.6334800100303255,81.45188022691873,83.89151750910821,87.24096570924247,0.0,0.7425
medium,0.16,0.01,cvar0.5,0.5,11,1,79.88806195733055,0.9448237648282336,81.42261091699997,1241,0.7417119420133531,80.34135219053638,82.07662274572603,86.92350061105097,0.0,0.43
medium,0.16,0.01,cvar0.5,0.5,12,1,81.24497481404913,0.07076020303453578,83.82684735432525,1193,0.7164839250035584,82.26968821636113,84.6604970613859,89.75768067314263,0.0,0.7775
medium,0.16,0.01,cvar0.5,0.5,13,1,81.15954346790667,0.08576333689313698,83.09985577136739,1226,0.7488782869768329,81.97523111144965,84.51481399367565,89.59588226106263,0.0,0.6625
medium,0.16,0.01,cvar0.5,0.5,14,1,82.61061175608369,0.4994562662198976,84.81769946444862,1206,0.6593977499869652,83.37961637677928,85.64614466589836,89.04042570057544,0.0,0.6325
medium,0.16,0.01,cvar0.5,0.5,15,1,80.30342786627112,0.5914924152789767,82.08218832355314,1228,0.6958889059606008,81.0358258784003,83.5335374152501,87.83882909946317,0.0,0.59
medium,0.16,0.01,cvar0.5,0.5,16,1,79.97841085339252,0.4044855973908321,82.55176676813484,1261,0.752577890001703,80.80873527794853,83.07900978986954,88.05280112596398,0.0,0.7075
medium,0.16,0.01,cvar0.5,0.5,17,1,79.64196348560758,0.1385901734744488,82.15788571177328,1245,0.7187349300365895,80.48295497426199,82.52262888536913,85.07835878874204,0.0,0.7775
medium,0.16,0.01,cvar0.5,0.5,18,1,80.58132077391782,0.24784439626780808,82.79633667197538,1245,0.7034373239730485,81.66879829415514,84.70925609300639,92.78874830707896,0.0,0.65
medium,0.16,0.01,cvar0.5,0.5,19,1,80.24525427140549,0.05313859276882038,82.05549413596485,1201,0.6370616299682297,80.85982659433235,83.00786398046466,85.82975713694259,0.0,0.62
medium,0.16,0.01,cvar0.5,0.5,20,1,80.85419677696513,0.5786515854460621,82.94267008156376,1149,0.6124953250400722,81.55550279935794,83.72097398345096,86.79154789997096,0.0,0.62
medium,0.16,0.01,cvar0.5,0.5,21,1,79.43730245076381,0.9258261051983148,80.90220473531993,1218,0.8844365609693341,79.88682227748276,81.62864405431131,87.44213478947951,0.0,0.3825
medium,0.16,0.01,cvar0.5,0.5,22,1,80.9883632969524,0.8703146327325357,82.29003559742968,1156,0.6748286779620685,81.37181203660035,82.99694776371986,89.29296609301754,0.0,0.3425
medium,0.16,0.01,cvar0.5,0.5,23,1,81.48979425260728,0.05344436117469398,83.57899767807154,1197,0.7009601719910279,82.34142611130315,85.08142512754316,91.59017227582714,0.0,0.5625
medium,0.16,0.01,cvar0.5,0.5,24,1,82.06021448540508,0.13927030577543054,84.84010133871605,1231,0.7231658459641039,83.1994710216747,85.60198360538628,88.4297143336201,0.0,0.8275
medium,0.16,0.01,cvar0.5,0.5,25,1,79.92631463491813,0.3811145501530073,82.0352841972531,1169,0.7449098360375501,80.77610234216522,83.53117091149804,87.8085748450013,0.0,0.625
medium,0.16,0.01,cvar0.5,0.5,26,1,80.81164930621608,0.27210521162187207,82.56524608558918,1201,0.7260247900267132,81.28036920437808,83.04157414404145,86.93749687115552,0.0,0.46
medium,0.16,0.01,cvar0.5,0.5,27,1,79.4603697085119,0.09510882157994915,80.85297896604247,1247,0.8382476239930838,79.85862825793212,81.43783704834226,85.30348095502944,0.0,0.525
medium,0.16,0.01,cvar0.5,0.5,28,1,79.82247306344422,0.7946738063090968,81.5036790136545,1255,0.8020215189899318,80.3896620976006,82.48390005430414,91.60652447975117,0.0,0.4775
medium,0.16,0.01,cvar0.5,0.5,29,1,80.36539861271449,0.1813657581383612,82.63628469867707,1262,0.81700397800887,81.255036701394,83.89024752214026,87.73457654381647,0.0,0.6875
medium,0.16,0.01,cvar0.5,0.5,30,1,80.63422882141816,0.34102604739462716,82.68822043006404,1196,0.7013061760226265,81.39090752681814,83.81352510360374,89.04321135868601,0.0,0.5725
medium,0.16,0.01,cvar0.5,0.5,31,1,81.75923516431597,0.5232078823576689,83.87990283510361,1168,0.6987552240025252,82.39896456142448,84.43152420921842,89.4126919619192,0.0,0.59
medium,0.16,0.01,cvar0.5,0.5,32,1,79.81601037535357,0.02130450633650094,81.63170413036025,1189,0.6732961609959602,80.41377415137623,82.40028745125534,86.41035192245796,0.0,0.5825
medium,0.16,0.01,cvar0.5,0.5,33,1,79.8704656249572,0.19171238780333688,82.37452312181924,1220,0.7156106940237805,80.86474320305784,83.52209590695807,86.79760748548915,0.0,0.6925
medium,0.16,0.01,cvar0.5,0.5,34,1,80.53554256591883,0.3103217191929719,82.1020750967235,1215,0.7479341530124657,81.07309996750902,82.82319532970143,85.9116701003004,0.0,0.595
medium,0.16,0.01,cvar0.5,0.5,35,1,79.31721063539604,1.8612864943385719,80.75529968697903,1223,0.636539884028025,79.76676492567995,81.70012946853424,85.91180147258225,0.0,0.4375
medium,0.16,0.01,cvar0.5,0.5,36,1,80.47612595338899,0.05913075346922536,83.04694577793323,1157,0.6270041390089318,81.38964232083988,83.55286783077376,85.35007027945483,0.0,0.75
medium,0.16,0.01,cvar0.5,0.5,37,1,80.60576060621383,0.16494595948069168,82.39904459233875,1166,0.6748363130027428,81.332476843111,83.77969699479158,87.38526969175399,0.0,0.665
medium,0.16,0.01,cvar0.5,0.5,38,1,81.1241121497275,0.4684727623224987,83.27014555908738,1259,0.6917387520079501,81.88191319410451,84.33243097372544,86.85282510598734,0.0,0.65
medium,0.16,0.01,cvar0.5,0.5,39,1,80.80839433225702,0.014076705142426427,83.26228673003465,1147,0.668237458972726,81.73355199964035,84.53659732362297,91.04363312820439,0.0,0.7
medium,0.16,0.01,cvar0.5,0.5,40,1,83.60394330246,0.075657185613073,86.14588098376824,1068,0.7608102309750393,84.7167634007049,87.64936159260655,90.02998315382987,0.0,0.77
medium,0.16,0.01,cvar0.5,0.5,41,1,80.35601932673693,0.05957026765749962,83.17846398487585,1206,0.9157167170196772,81.5401922765541,84.46997109664021,89.51382737740433,0.0,0.8025
medium,0.16,0.01,cvar0.5,0.5,42,1,79.8836830460051,0.26681362204576153,81.95091327888638,1228,0.9483554009930231,80.5765250076226,82.48386861650523,86.70233053709806,0.0,0.625
medium,0.16,0.01,cvar0.5,0.5,43,1,80.47828406780732,0.45305996553687455,82.49600930185963,1175,0.7689606869826093,81.31186911143894,83.79711954137737,87.37771400699833,0.0,0.6525
medium,0.16,0.01,cvar0.5,0.5,44,1,79.76510153594124,0.9374068617384661,81.71587035775875,1211,0.7227110250387341,80.5408576672622,82.97535149591852,87.41242257740323,0.0,0.5925
medium,0.16,0.01,cvar0.5,0.5,45,1,80.73272302479032,0.11786725008390375,83.31013042998913,1190,0.7171802810044028,81.61722693756403,83.97629798468644,89.15591017693558,0.0,0.7275
medium,0.16,0.01,cvar0.5,0.5,46,1,80.49038543527239,0.2170847308101549,82.10008291767687,1222,0.7115009359549731,81.16613807594787,83.26311582404122,86.88385557112873,0.0,0.62
medium,0.16,0.01,cvar0.5,0.5,47,1,81.10346518939893,0.13257972488196068,83.32956971477147,1211,0.723011793976184,81.94563315676521,84.76997108123778,89.23292828253582,0.0,0.6525
medium,0.16,0.01,cvar0.5,0.5,48,1,79.56751530125533,1.1247396668161214,81.42509309060911,1244,0.7496443960117176,80.24769022809055,82.66940940610665,85.30320764471551,0.0,0.6325
medium,0.16,0.01,cvar0.5,0.5,49,1,80.20847716205931,0.8569466084668154,81.82110187873607,1245,0.6900654490455054,80.66049676949115,82.407715600997,87.89593992423418,0.0,0.44
medium,0.16,0.01,cvar0.9,0.9,0,1,81.47365985590775,2.2359081058582264,87.29626138116389,1183,0.8492997449939139,81.86533095924585,83.38687066918196,87.43563355116638,0.0,0.425
medium,0.16,0.01,cvar0.9,0.9,1,1,81.35180768502298,1.028639659675977,87.43924658358682,1191,0.7813473910209723,81.83232803946477,83.36395317126784,87.40294956088405,0.0,0.535
medium,0.16,0.01,cvar0.9,0.9,2,1,80.25576000657001,0.33984983583126427,86.58984105086851,1185,0.8302532029920258,80.83891599888307,82.85636677002066,86.68785683338844,0.0,0.5775
medium,0.16,0.01,cvar0.9,0.9,3,1,80.74876232504204,1.9147827001809983,84.58058232736748,1191,0.7255825030151755,81.07751362898203,82.4976426285007,85.31554618465142,0.0,0.3875
medium,0.16,0.01,cvar0.9,0.9,4,1,81.18378747555363,1.829940053976584,86.08464299541792,1217,0.9249860480194911,81.5567481431452,83.21572389405591,85.48342939206204,0.0,0.4175
medium,0.16,0.01,cvar0.9,0.9,5,1,80.85727035286402,0.5783584603718164,87.51135611826788,1185,0.9520568170119077,81.56996874599153,84.02714586868534,88.60722703223118,0.0,0.605
medium,0.16,0.01,cvar0.9,0.9,6,1,82.78913990281386,0.7558540024524758,89.19349520681557,1147,0.8359523650142364,83.3973210773616,85.54261071411537,89.90184622431777,0.0,0.6175
medium,0.16,0.01,cvar0.9,0.9,7,1,82.65683318384444,0.36830078489731477,90.02215136231142,1133,0.8580092180054635,83.53165996630548,86.05187645282795,88.60635324285498,0.0,0.7
medium,0.16,0.01,cvar0.9,0.9,8,1,81.44517963994191,0.24867772973430813,90.92442749577764,1193,0.9685853889677674,82.07197758078715,83.83970283310592,86.76474580810434,0.0,0.64
medium,0.16,0.01,cvar0.9,0.9,9,1,80.52709015135864,0.761449224040907,86.49738499315805,1213,0.8036131970002316,80.97710261747001,82.3751990861421,84.18584794215992,0.0,0.5875
medium,0.16,0.01,cvar0.9,0.9,10,1,81.71889440749166,0.5133036708160019,88.87300297789163,1142,0.828360644984059,82.31691781671421,84.29962903607671,88.05388244520637,0.0,0.58
medium,0.16,0.01,cvar0.9,0.9,11,1,80.70921021286222,1.9458429193230176,84.92824061875477,1241,0.8599679099861532,81.03546089699904,82.20782387636886,86.26741327849344,0.0,0.3375
medium,0.16,0.01,cvar0.9,0.9,12,1,82.35326308549823,0.07076020303453578,91.01448703496425,1193,0.6758777510258369,83.2654764963152,85.93532863266643,90.45089876756826,0.0,0.6775
medium,0.16,0.01,cvar0.9,0.9,13,1,82.67462538195237,1.4628421200546375,86.59453182525706,1226,0.6492742040427402,82.96045306444925,84.29837211271894,86.30558763539555,0.0,0.375
medium,0.16,0.01,cvar0.9,0.9,14,1,83.21009032103618,0.4994562662198976,91.25242242776199,1206,0.7018197370343842,83.92379557227872,86.24522220070642,88.89783775233118,0.0,0.5825
medium,0.16,0.01,cvar0.9,0.9,15,1,80.8304868990727,1.111986794842999,86.78990236109266,1228,0.749793516995851,81.3955399129881,83.34027306228168,87.03492649237016,0.0,0.545
medium,0.16,0.01,cvar0.9,0.9,16,1,81.70570772203273,1.157516307085384,87.8066792017325,1261,0.9733874470111914,82.1257980277011,83.9467811919861,86.7129606021576,0.0,0.47
medium,0.16,0.01,cvar0.9,0.9,17,1,81.73970514746023,0.8754431349887377,87.47619336394314,1245,0.9173933760030195,82.18166641464495,84.01800567037262,87.47660103848034,0.0,0.4975
medium,0.16,0.01,cvar0.9,0.9,18,1,80.73840980117004,0.24784439626780808,88.11265029183612,1245,0.8623453539912589,81.4614842252486,83.65852687163816,89.4306324908577,0.0,0.6275
medium,0.16,0.01,cvar0.9,0.9,19,1,81.85531298178067,2.1396588955965417,86.13567739407885,1201,0.8607547670253552,82.19140574012046,83.67554604064941,85.9892243701857,0.0,0.385
medium,0.16,0.01,cvar0.9,0.9,20,1,81.6728880834663,0.3182583406636845,87.97935167328072,1149,0.7258240390219726,82.1341142881139,83.8085610359694,86.63465640618907,0.0,0.52
medium,0.16,0.01,cvar0.9,0.9,21,1,80.02985145191347,1.970677277749093,83.76847597989743,1218,0.9000212490209378,80.26882456843512,81.32655234427261,84.22398147133977,0.0,0.365
medium,0.16,0.01,cvar0.9,0.9,22,1,81.46640589011857,2.330266799608137,84.808195380728,1156,0.9016655770246871,81.72980233162747,83.15702901066919,87.40353018904416,0.0,0.2875
medium,0.16,0.01,cvar0.9,0.9,23,1,82.17990813440173,0.05344436117469398,89.11991757936599,1197,0.8897359579568729,82.86854239678385,84.989593797049,87.27991250882027,0.0,0.585
medium,0.16,0.01,cvar0.9,0.9,24,1,83.77816833417323,0.7911668655728761,92.10358975197177,1231,0.9011720039998181,84.50354824526333,86.86474031874123,92.70736632608997,0.0,0.6575
medium,0.16,0.01,cvar0.9,0.9,25,1,79.986671337567,1.0666786229770269,87.92578271044744,1169,0.8828640980063938,80.61889758944966,82.86860731089476,86.5783846313948,0.0,0.5925
medium,0.16,0.01,cvar0.9,0.9,26,1,81.72158910460567,1.2961639561887834,87.13768582132195,1201,0.8540160699631087,82.06951436764804,83.42734791364619,87.48379777912403,0.0,0.46
medium,0.16,0.01,cvar0.9,0.9,27,1,79.5311919588468,1.3444400674502157,83.57480483762225,1247,0.9415287270094268,79.86016108443542,81.59635493039531,87.91311869132431,0.0,0.39
medium,0.16,0.01,cvar0.9,0.9,28,1,80.6863536310538,2.3857310629457054,84.39534614839401,1255,0.6852173649822362,81.01925960580793,82.38617720740751,86.14611621521402,0.0,0.36
medium,0.16,0.01,cvar0.9,0.9,29,1,81.3124736834304,0.42021415188315303,88.05140460746738,1262,0.7015687529928982,81.9512844652644,84.03396206402111,90.03874213664793,0.0,0.645
medium,0.16,0.01,cvar0.9,0.9,30,1,80.69092573014119,0.34102604739462716,88.59169592026706,1196,0.6978946580202319,81.49439600651802,83.98954472107629,88.81420455975858,0.0,0.6425
medium,0.16,0.01,cvar0.9,0.9,31,1,83.58664930111564,1.7847264999728312,90.37068354876821,1168,0.8048980369931087,84.0960951754754,85.90886275142675,89.7503249041965,0.0,0.53
medium,0.16,0.01,cvar0.9,0.9,32,1,80.53531398258319,2.0159895476407215,85.55600993890721,1189,0.7528551750001498,80.97431896123783,82.74510537930995,86.71902745721559,0.0,0.425
medium,0.16,0.01,cvar0.9,0.9,33,1,80.51132680677905,0.19171238780333688,89.2475046701126,1220,0.6026837980025448,81.33519185418716,83.92092835109482,91.59925354914296,0.0,0.725
medium,0.16,0.01,cvar0.9,0.9,34,1,81.7566529389984,2.330947270021496,85.76172911666126,1215,0.7318110360065475,82.05183659583945,83.1930854701467,86.5689410631882,0.0,0.3825
medium,0.16,0.01,cvar0.9,0.9,35,1,79.6654986441714,2.3237657225293598,83.65777507007496,1223,0.7008748109801672,79.99175254393998,81.47197068736901,83.44843529025735,0.0,0.4175
medium,0.16,0.01,cvar0.9,0.9,36,1,82.4679109563809,0.62212993781894,89.48627083075797,1157,0.6202120099915192,82.97363437191213,84.70516214759346,86.4340096981784,0.0,0.5425
medium,0.16,0.01,cvar0.9,0.9,37,1,81.41979830732204,1.6693087257950268,86.64373724876478,1166,0.6911968869972043,81.92492718252113,83.9786614518725,88.48505262080323,0.0,0.555
medium,0.16,0.01,cvar0.9,0.9,38,1,81.9210734264094,1.3352748760041946,88.45071414262831,1259,0.7703286220203154,82.45840717911031,84.43545514214534,89.64892613516102,0.0,0.55
medium,0.16,0.01,cvar0.9,0.9,39,1,81.90136441250382,0.014076705142426427,90.15834729750893,1147,0.722315488033928,82.67727387872304,84.97400927595412,87.47227436939062,0.0,0.64
medium,0.16,0.01,cvar0.9,0.9,40,1,85.97049355600703,1.1172506197132037,91.74538281703451,1068,0.5228041489608586,86.4889073380469,88.39886809511447,91.28851758332226,0.0,0.5325
medium,0.16,0.01,cvar0.9,0.9,41,1,81.378937832942,0.05957026765749962,90.16285987991009,1206,0.648590132012032,82.26033481306429,84.70444818816638,88.7022854509071,0.0,0.7375
medium,0.16,0.01,cvar0.9,0.9,42,1,80.0309969437279,0.26681362204576153,87.7154488393193,1228,0.5773915310273878,80.71484161058049,82.70422539182479,85.46031503425047,0.0,0.62
medium,0.16,0.01,cvar0.9,0.9,43,1,82.36538492507991,2.3571347947721506,86.01287767003632,1175,0.6126744339708239,82.61601338575579,83.93584917740716,88.86811106879486,0.0,0.325
medium,0.16,0.01,cvar0.9,0.9,44,1,79.9811683939651,1.194613755275645,86.91537866836887,1211,0.6905064919847064,80.65749023579163,83.04911974132537,87.62855626433239,0.0,0.6
medium,0.16,0.01,cvar0.9,0.9,45,1,81.75842283603714,0.6321269318736453,90.2097305038972,1190,0.6841159620089456,82.41047168939225,84.58485509979289,91.12636443685798,0.0,0.6125
medium,0.16,0.01,cvar0.9,0.9,46,1,80.74648403106693,1.68358521085878,85.18866199980107,1222,0.7113053260254674,81.2656138260964,83.20296444869426,87.93883907150293,0.0,0.5175
medium,0.16,0.01,cvar0.9,0.9,47,1,82.00714155097185,1.0155320653287863,89.24033905047928,1211,0.7033661390305497,82.53214109156269,84.41689785577395,88.65277113015544,0.0,0.54
medium,0.16,0.01,cvar0.9,0.9,48,1,80.09376434837571,1.3997313156881164,86.30529535665384,1244,0.729476343956776,80.71579211168967,82.74477937880972,87.4585908954396,0.0,0.555
medium,0.16,0.01,cvar0.9,0.9,49,1,80.89040363190972,1.3862066866600893,85.93582190175673,1245,0.7707182990270667,81.27285489525089,82.86774912869076,85.9138991869804,0.0,0.3975
medium,0.16,0.05,rrtstar,,0,1,80.5625313909114,0.1756301702739016,80.5625313909114,1183,0.23066260101040825,83.6467740827905,94.25480924773306,117.14274791224258,0.0,0.4875
medium,0.16,0.05,rrtstar,,1,1,80.2783838347287,0.17586635269133888,80.2783838347287,1191,0.2765899730147794,84.13920327879536,96.50215754246855,123.14884904794923,0.005,0.565
medium,0.16,0.05,rrtstar,,2,1,79.79914771711881,0.33984983583126427,79.7991477171188,1185,0.23953389999223873,83.96191798333194,96.80875951972787,122.1251892558278,0.0025,0.5725
medium,0.16,0.05,rrtstar,,3,1,79.96095803817926,0.15769470043003198,79.96095803817926,1191,0.25472341099521145,82.7519151100253,93.00543023427258,120.24391173719789,0.0025,0.485
medium,0.16,0.05,rrtstar,,4,1,80.15760351423195,0.1059374230087573,80.15760351423195,1217,0.18160919001093134,83.74192959987107,97.41891252376583,111.43726579468789,0.0,0.54
medium,0.16,0.05,rrtstar,,5,1,80.15691784007424,0.6151072594567273,80.15691784007427,1185,0.1679546789964661,84.7012845367317,97.05168100553708,110.26154693729964,0.0,0.6225
medium,0.16,0.05,rrtstar,,6,1,81.6047420431728,0.44986202232787686,81.6047420431728,1147,0.22819589800201356,86.67732527122742,101.35761304707502,132.12820969096288,0.0075,0.635
medium,0.16,0.05,rrtstar,,7,1,81.53290779954216,0.0031465265426089406,81.53290779954216,1133,0.19126117299310863,87.79282337325658,102.37322664301236,125.96960293836436,0.005,0.7725
medium,0.16,0.05,rrtstar,,8,1,80.96612045021246,0.12632652100764097,80.96612045021246,1193,0.17662857502000406,85.74605585311066,98.97493454217634,131.41030931661453,0.0075,0.6925
medium,0.16,0.05,rrtstar,,9,1,79.89581930903198,0.4387792260001957,79.895819309032,1213,0.17067140497965738,83.5188320104804,94.82883200834779,112.72943975362014,0.0,0.5175
medium,0.16,0.05,rrtstar,,10,1,80.41021645463837,0.42767718090318496,80.41021645463836,1142,0.16158803598955274,86.381076774824,103.29334437600141,130.27631243190544,0.005,0.7175
medium,0.16,0.05,rrtstar,,11,1,79.7275401252344,0.38741030662022147,79.7275401252344,1241,0.17052294500172138,83.22773848228208,94.46332043282204,111.9927979059401,0.0,0.5725
medium,0.16,0.05,rrtstar,,12,1,80.88096906108535,0.07076020303453578,80.88096906108537,1193,0.16460238298168406,86.93934831449769,103.56902086909152,158.82147170957595,0.0025,0.7475
medium,0.16,0.05,rrtstar,,13,1,80.80201256797274,0.6235607671958405,80.80201256797272,1226,0.16236151702469215,85.52595163788837,99.70847669320524,126.80180785999168,0.01,0.6325
medium,0.16,0.05,rrtstar,,14,1,82.0255913970532,0.009427876741022079,82.0255913970532,1206,0.24310561100719497,87.95663467317041,101.2534624136982,119.89551015014615,0.005,0.7825
medium,0.16,0.05,rrtstar,,15,1,79.86964728525486,0.32575741700509275,79.86964728525486,1228,0.2502317110192962,84.42110301787318,95.67733761795851,111.44085610308963,0.0,0.7325
medium,0.16,0.05,rrtstar,,16,1,79.80909630412506,0.26838780820218533,79.80909630412505,1261,0.24698778899619356,84.25498555575916,97.59258767269404,127.5533067561402,0.005,0.61
medium,0.16,0.05,rrtstar,,17,1,79.58653794637529,0.058606128473710495,79.58653794637527,1245,0.24851538601797074,84.40409614381349,99.64849752238965,141.37034081924523,0.005,0.6525
medium,0.16,0.05,rrtstar,,18,1,80.53550339748429,0.24784439626780808,80.53550339748426,1245,0.16742633102694526,85.65655271024563,101.21643492158344,136.9736542235111,0.0075,0.6475
medium,0.16,0.05,rrtstar,,19,1,80.22679574438226,0.05313859276882038,80.22679574438226,1201,0.16036649595480412,83.57623042563253,94.58850124718472,110.39000142788865,0.0,0.5575
medium,0.16,0.05,rrtstar,,20,1,80.42463492442099,0.03230313451190181,80.42463492442099,1149,0.1684126050095074,84.80652487525997,95.41888087137721,134.33515317225445,0.0075,0.6725
medium,0.16,0.05,rrtstar,,21,1,79.3809930976804,0.9258261051983148,79.38099309768043,1218,0.17087565996916965,81.77031241668058,91.40689302686636,119.27663801438695,0.0025,0.39
medium,0.16,0.05,rrtstar,,22,1,80.98181492788305,0.8703146327325357,80.98181492788305,1156,0.1729113190085627,82.77846698466107,91.85455012136202,113.24588107693228,0.0,0.3375
medium,0.16,0.05,rrtstar,,23,1,81.8036971846946,0.05344436117469398,81.80369718469457,1197,0.21980458695907146,86.26818692262728,100.60266129337639,125.08126631660585,0.005,0.61
medium,0.16,0.05,rrtstar,,24,1,81.94128355113926,0.018057190238894183,81.94128355113924,1231,0.19705449504544958,89.62898919216123,107.95407400572371,134.23468185393241,0.01,0.8325
medium,0.16,0.05,rrtstar,,25,1,80.01018655447602,0.48698466207393043,80.01018655447602,1169,0.1614024750306271,83.67883001790146,93.74643644478921,116.0123347320505,0.0,0.5875
medium,0.16,0.05,rrtstar,,26,1,80.72789936614694,0.16795623695945183,80.72789936614697,1201,0.19992908800486475,85.22153886773158,99.62332303114765,128.67930792623184,0.0025,0.6425
medium,0.16,0.05,rrtstar,,27,1,79.4767016703431,0.1128783895979486,79.4767016703431,1247,0.18251457100268453,81.86110002454768,92.20810499884763,103.45424442235765,0.0,0.505
medium,0.16,0.05,rrtstar,,28,1,79.59825397760122,0.12538819929510758,79.59825397760122,1255,0.25214740104274824,84.39440600249159,100.86219890979588,121.41281212796805,0.0075,0.5625
medium,0.16,0.05,rrtstar,,29,1,80.2308062044346,0.04761361769590433,80.23080620443461,1262,0.20776389801176265,85.9240048006635,99.39901223759597,135.54724731317913,0.0075,0.735
medium,0.16,0.05,rrtstar,,30,1,80.36066567334223,0.34102604739462716,80.36066567334223,1196,0.1774393380037509,84.98412179284209,96.31098463191792,141.75713409636626,0.005,0.685
medium,0.16,0.05,rrtstar,,31,1,81.68282826671074,0.4719294391327047,81.68282826671076,1168,0.17988194501958787,86.48050410602664,99.23172413922182,113.89603455416102,0.0,0.715
medium,0.16,0.05,rrtstar,,32,1,79.78185692492369,0.02130450633650094,79.7818569249237,1189,0.22373857296770439,82.97365483977617,93.07369992064528,112.74635040386721,0.0,0.5875
medium,0.16,0.05,rrtstar,,33,1,79.80526605744413,0.13902373074509367,79.80526605744414,1220,0.2325734329642728,85.36735810403974,99.78136596743207,116.00332586743752,0.0,0.745
medium,0.16,0.05,rrtstar,,34,1,80.552920954354,0.24646323521867508,80.552920954354,1215,0.2766660469933413,83.89845291910096,95.12842716883574,116.19579705206594,0.0,0.565
medium,0.16,0.05,rrtstar,,35,1,79.30161380175653,1.8612864943385719,79.30161380175653,1223,0.27600786299444735,81.69027687577928,92.3587771881761,114.16845364437313,0.0,0.375
medium,0.16,0.05,rrtstar,,36,1,80.44400323850311,0.05913075346922536,80.44400323850313,1157,0.26602136698784307,84.8513103911485,96.94813028103621,114.51939988017963,0.0,0.68
medium,0.16,0.05,rrtstar,,37,1,80.31822391029014,0.16494595948069168,80.31822391029013,1166,0.26885571400634944,85.03620225435701,99.29685185875262,116.23857735995034,0.0,0.625
medium,0.16,0.05,rrtstar,,38,1,80.97574533016996,0.09606777641144681,80.97574533016996,1259,0.21393888001330197,86.97409059093756,102.35828262924575,129.1503763548272,0.005,0.7375
medium,0.16,0.05,rrtstar,,39,1,80.781198452832,0.014076705142426427,80.78119845283197,1147,0.15755347901722416,85.87469881138313,100.10897713251914,111.10101800202418,0.0,0.6775
medium,0.16,0.05,rrtstar,,40,1,83.49793500948668,0.075657185613073,83.49793500948668,1068,0.14172957796836272,88.80327484998088,103.74072628373443,123.54110483023649,0.0075,0.7175
medium,0.16,0.05,rrtstar,,41,1,80.30219539901066,0.05957026765749962,80.30219539901066,1206,0.16637128696311265,87.45439360363228,103.99803697815774,124.87214202214214,0.0075,0.82
medium,0.16,0.05,rrtstar,,42,1,79.9567147990519,0.07059602010088373,79.95671479905187,1228,0.16563762997975573,83.93017565210745,96.39828010501041,123.612619410089,0.005,0.64
medium,0.16,0.05,rrtstar,,43,1,80.45938076883891,0.45305996553687455,80.45938076883891,1175,0.16491985303582624,85.05882727194299,98.73034395382813,113.04454215865233,0.0,0.675
medium,0.16,0.05,rrtstar,,44,1,79.6764647818221,0.775179092041594,79.67646478182209,1211,0.1694255400216207,83.21183889739196,95.21702101808032,104.74521915553598,0.0,0.56
medium,0.16,0.05,rrtstar,,45,1,80.71348450842976,0.11786725008390375,80.71348450842974,1190,0.17261645098915324,84.98065378531373,98.90411048717753,125.7641392662312,0.0025,0.6025
medium,0.16,0.05,rrtstar,,46,1,80.34328711963079,0.2170847308101549,80.34328711963082,1222,0.24446083302609622,84.7395601355684,97.29734147849011,112.99838367900644,0.0,0.6625
medium,0.16,0.05,rrtstar,,47,1,81.00769377084974,0.13257972488196068,81.00769377084977,1211,0.23750269995070994,85.14284823365149,98.6036673282216,113.8597547325302,0.0,0.645
medium,0.16,0.05,rrtstar,,48,1,79.67428119690385,0.42295629225153153,79.67428119690386,1244,0.24948289495659992,84.60741464128483,98.82795637802163,126.9404880690325,0.005,0.675
medium,0.16,0.05,rrtstar,,49,1,80.20432034260497,0.447915901186986,80.20432034260497,1245,0.24143058399204165,83.04460327937664,92.37597650399015,114.63317773327931,0.0,0.4625
medium,0.16,0.05,neutral,0.0,0,1,81.31315561033414,1.7555956258092111,83.81225125476188,1183,0.46881128201493993,83.91597329607262,95.30252049547235,110.96272596346977,0.0,0.4525
medium,0.16,0.05,neutral,0.0,1,1,80.45760062235442,0.4503913852555792,83.55628898664715,1191,0.5325412550009787,83.72212122034074,94.06985843117945,115.28645853130584,0.0,0.62
medium,0.16,0.05,neutral,0.0,2,1,80.18631783370066,0.33984983583126427,82.78381419635221,1185,0.49082812800770625,83.39268500848071,93.82058109176668,124.96848569693326,0.0025,0.545
medium,0.16,0.05,neutral,0.0,3,1,80.43046257824409,1.355945077139073,81.76543916607059,1191,0.49904394801706076,82.63743216655737,92.20725993847516,110.4286753113772,0.0,0.45
medium,0.16,0.05,neutral,0.0,4,1,80.87671097887957,1.6444267240568007,83.05121392481446,1217,0.4413264500326477,82.97264481721548,91.2112915615237,107.6790226814907,0.0,0.41
medium,0.16,0.05,neutral,0.0,5,1,80.45052486566448,0.5783584603718164,83.70415234000907,1185,0.4418662399984896,84.15851102072405,97.61298611442002,115.51183852954036,0.0,0.61
medium,0.16,0.05,neutral,0.0,6,1,82.15326310534513,0.7558540024524758,85.34142274985464,1147,0.4097450739936903,86.07266689230302,96.1789506566791,114.5108256539026,0.0,0.6875
medium,0.16,0.05,neutral,0.0,7,1,81.5464673390285,0.045310748993494965,86.06599812348145,1133,0.40986311697633937,86.48638475648742,99.47672689788835,126.8286347218879,0.0025,0.7625
medium,0.16,0.05,neutral,0.0,8,1,81.4264154840252,0.24867772973430813,85.74591260418845,1193,0.3237773170112632,84.63156476918701,94.7990036833116,107.71995935991822,0.0,0.6425
medium,0.16,0.05,neutral,0.0,9,1,79.91354929037355,0.761449224040907,82.99465574957166,1213,0.3247773270122707,83.30354080100076,93.93317906224257,126.4565810669162,0.0025,0.59
medium,0.16,0.05,neutral,0.0,10,1,81.64289209458306,0.47495134605899114,84.85628417919109,1142,0.2956955059780739,84.7101364542392,94.80822999694776,113.47588404134453,0.0,0.605
medium,0.16,0.05,neutral,0.0,11,1,79.95287472289516,1.0086346282036152,82.09231740613579,1241,0.33263341698329896,82.30622150273253,91.67012127124696,105.40932467931816,0.0,0.4225
medium,0.16,0.05,neutral,0.0,12,1,81.45114943433948,0.07076020303453578,86.00222866084209,1193,0.3319446749519557,86.22261547905013,98.07392981834985,114.95560390219762,0.0,0.76
medium,0.16,0.05,neutral,0.0,13,1,81.79367525629883,1.3244031771104834,83.90018916162475,1226,0.3260135739692487,84.13830144267754,94.82207635346063,123.38090434177354,0.0025,0.41
medium,0.16,0.05,neutral,0.0,14,1,82.61061175608369,0.4994562662198976,86.5740033023763,1206,0.3167765650432557,86.45563485956168,97.78827630515707,114.75968147854249,0.0,0.6325
medium,0.16,0.05,neutral,0.0,15,1,80.6000189954157,0.5914924152789767,83.17986076123273,1228,0.34336776699637994,83.14834909591161,92.49002666705546,107.95221200935117,0.0,0.54
medium,0.16,0.05,neutral,0.0,16,1,80.57995636035585,0.7949720029499052,83.95691720385564,1261,0.6183327889884822,83.4213002483865,93.03928498890207,115.8553138157084,0.0,0.6175
medium,0.16,0.05,neutral,0.0,17,1,80.76546738250815,0.8754431349887377,83.6294703170576,1245,0.5369454000028782,83.46242231007012,93.70228270470591,114.69574784277808,0.0,0.5775
medium,0.16,0.05,neutral,0.0,18,1,80.94530354123435,0.24784439626780808,84.0895870640442,1245,0.538703923986759,84.36909234567378,95.54039241765467,105.56108188406178,0.0,0.5875
medium,0.16,0.05,neutral,0.0,19,1,81.53191165763586,1.1879112297952332,83.23921465958938,1201,0.5030688959523104,83.51678994080429,91.21725436803354,110.01271479505351,0.0,0.4925
medium,0.16,0.05,neutral,0.0,20,1,81.34653244324326,1.0142585657764118,84.32454102438598,1149,0.33280500100227073,83.84071575036006,92.02119396044739,108.02643983582144,0.0,0.56
medium,0.16,0.05,neutral,0.0,21,1,79.94910091235565,1.970677277749093,81.1665459577632,1218,0.38867219199892133,81.39094780023349,87.79076433920268,113.49464229773206,0.0,0.335
medium,0.16,0.05,neutral,0.0,22,1,81.3862208402064,2.330266799608137,82.52597127760419,1156,0.4689645210164599,83.04300795557253,90.28489957538767,113.49134949609285,0.0,0.3075
medium,0.16,0.05,neutral,0.0,23,1,81.52810599110774,0.05344436117469398,85.19630111158423,1197,0.5018751190509647,85.49914035309122,96.54935711471,126.95817385758531,0.005,0.6125
medium,0.16,0.05,neutral,0.0,24,1,82.74854016138447,0.7911668655728761,87.00332404222374,1231,0.3120075500337407,87.22422346869658,99.55038907810044,119.7990726730012,0.0025,0.755
medium,0.16,0.05,neutral,0.0,25,1,79.97856101405577,1.0666786229770269,83.38744206988149,1169,0.3071758570149541,83.69227635046089,96.51765096265177,118.62705983240959,0.0,0.57
medium,0.16,0.05,neutral,0.0,26,1,81.35365880342958,1.2961639561887834,83.57398778835329,1201,0.3151255529955961,83.22145816709714,91.46394190979953,110.78031354717751,0.0,0.445
medium,0.16,0.05,neutral,0.0,27,1,79.66776303297631,1.3444400674502157,81.18790177735814,1247,0.3248979249619879,81.4601929238672,89.37519555611209,101.7101115389077,0.0,0.3775
medium,0.16,0.05,neutral,0.0,28,1,80.15870564350902,0.7946738063090968,82.07209268469903,1255,0.5071290100459009,82.07553407887866,89.31270607622409,98.31765563094348,0.0,0.485
medium,0.16,0.05,neutral,0.0,29,1,80.97967603760559,0.42021415188315303,84.16688315511391,1262,0.534100262040738,84.2704801397928,94.55241434983353,121.56435638253909,0.0025,0.625
medium,0.16,0.05,neutral,0.0,30,1,80.64613841518988,0.34102604739462716,84.20587566096235,1196,0.4813450829824433,84.23946954689123,94.85280016300419,115.00863119733401,0.0,0.6325
medium,0.16,0.05,neutral,0.0,31,1,82.27236439103434,0.5232078823576689,85.65097884577774,1168,0.46897283697035164,85.64662151727005,96.64691159954319,112.10225201632478,0.0,0.5975
medium,0.16,0.05,neutral,0.0,32,1,80.52061289374468,2.283753795040325,82.46455205971387,1189,0.3451420000055805,82.3787138521545,90.06537715172644,102.09675496817714,0.0,0.39
medium,0.16,0.05,neutral,0.0,33,1,80.27534763901588,0.19171238780333688,84.34069723737802,1220,0.30637598503381014,84.48872053975484,95.44740865907022,119.59499531386909,0.0025,0.6925
medium,0.16,0.05,neutral,0.0,34,1,81.64930377392317,2.1734934331897326,83.05744374056381,1215,0.3354926119791344,83.54800474398297,92.55346692730477,126.49235668236217,0.0025,0.3475
medium,0.16,0.05,neutral,0.0,35,1,79.53557735989753,1.8612864943385719,81.10239482794402,1223,0.3482005220139399,81.26258761006427,87.99475005734564,105.95297733768267,0.0,0.46
medium,0.16,0.05,neutral,0.0,36,1,81.90939553495483,0.3573660302497492,85.18652037284052,1157,0.35539977002190426,85.04668877852704,96.13413564464312,115.1821538449053,0.0,0.54
medium,0.16,0.05,neutral,0.0,37,1,80.8360538063671,1.2473648708376217,83.21875921039553,1166,0.31155964301433414,83.72742464341718,94.10113344850336,115.4340725130971,0.0,0.58
medium,0.16,0.05,neutral,0.0,38,1,81.91118786848429,1.3352748760041946,84.6759057986387,1259,0.3366334169986658,84.68269020356234,94.85888264616455,112.34992512589054,0.0,0.5575
medium,0.16,0.05,neutral,0.0,39,1,80.97485599869488,0.014076705142426427,85.37179469010093,1147,0.3032378429779783,85.2597318259136,98.39085599802664,120.3275188331836,0.0025,0.6625
medium,0.16,0.05,neutral,0.0,40,1,83.9108554180658,0.7013501415549896,87.4462948888538,1068,0.30972797103459015,88.20891755079666,100.66703055202267,119.06581294081529,0.0025,0.6575
medium,0.16,0.05,neutral,0.0,41,1,80.8421436606267,0.05957026765749962,85.2908493610457,1206,0.3605135660036467,85.83836002387393,98.85857827340398,128.84718353190914,0.0025,0.7775
medium,0.16,0.05,neutral,0.0,42,1,80.03085016184227,0.26681362204576153,83.4713042145252,1228,0.33478087600087747,83.54084025231339,93.83480126577054,121.6802063682585,0.0025,0.5875
medium,0.16,0.05,neutral,0.0,43,1,81.22610103562157,0.7024247969794049,83.28774892854454,1175,0.3464774149470031,83.71455231555163,93.62890859901118,110.0303927185387,0.0,0.5075
medium,0.16,0.05,neutral,0.0,44,1,79.99503105188151,1.194613755275645,82.78785787383626,1211,0.3545942680211738,83.27844393893905,94.89790833548972,117.65946753364943,0.0,0.5725
medium,0.16,0.05,neutral,0.0,45,1,81.32619327389722,0.6321269318736453,85.38487677799743,1190,0.48218763602199033,84.30490887010353,92.26200437983346,130.28502217826588,0.0025,0.6325
medium,0.16,0.05,neutral,0.0,46,1,80.80890002566532,1.231004262482288,82.72041994363563,1222,0.45681682898430154,83.6949467087943,93.95395519435056,120.56533291812949,0.0025,0.53
medium,0.16,0.05,neutral,0.0,47,1,82.01835906674887,1.0155320653287863,85.03935191503822,1211,0.35073076497064903,84.61141117758092,94.19306290615482,108.41553224167565,0.0,0.585
medium,0.16,0.05,neutral,0.0,48,1,80.06641828912848,1.3997313156881164,82.63720105750603,1244,0.5493554279673845,83.3669327948109,95.2677520980626,114.60642730960132,0.0,0.555
medium,0.16,0.05,neutral,0.0,49,1,80.54535165644666,1.3862066866600893,82.62054488608794,1245,0.525074731966015,82.48346989255305,90.78211776460125,114.88543423122631,0.0,0.3975
medium,0.16,0.05,cvar0.1,0.1,0,1,81.31315561033414,1.7555956258092111,84.84686061066293,1183,0.8789901859709062,83.91597329607262,95.30252049547235,110.96272596346977,0.0,0.4525
medium,0.16,0.05,cvar0.1,0.1,1,1,80.81660863730731,0.4503913852555792,84.67179493251645,1191,0.9464203430106863,83.36887030870697,91.00091708660794,103.72261516584379,0.0,0.6275
medium,0.16,0.05,cvar0.1,0.1,2,1,80.18631783370066,0.33984983583126427,83.85755349550725,1185,0.9132117819972336,83.39268500848071,93.82058109176668,124.96848569693326,0.0025,0.545
medium,0.16,0.05,cvar0.1,0.1,3,1,80.43046257824409,1.355945077139073,82.7160115868539,1191,0.9479043090250343,82.63743216655737,92.20725993847516,110.4286753113772,0.0,0.45
medium,0.16,0.05,cvar0.1,0.1,4,1,80.87671097887957,1.6444267240568007,84.07204976669252,1217,0.7713465670240112,82.97264481721548,91.2112915615237,107.6790226814907,0.0,0.41
medium,0.16,0.05,cvar0.1,0.1,5,1,80.45052486566448,0.5783584603718164,84.82308333578834,1185,0.6603404119960032,84.02732024801982,97.01185701803368,115.54338608344995,0.0,0.5875
medium,0.16,0.05,cvar0.1,0.1,6,1,82.7078801061423,0.7558540024524758,86.54677299520617,1147,0.6743594710133038,86.15063065581923,97.34596644079097,113.82105258212621,0.0,0.6275
medium,0.16,0.05,cvar0.1,0.1,7,1,81.5464673390285,0.045310748993494965,87.32651004589121,1133,0.7649465589784086,86.48638475648742,99.47672689788835,126.8286347218879,0.0025,0.7625
medium,0.16,0.05,cvar0.1,0.1,8,1,81.36214142134436,0.24867772973430813,86.90845159779218,1193,0.9815379019710235,84.64954584364314,95.06172682733694,102.98860814113415,0.0,0.65
medium,0.16,0.05,cvar0.1,0.1,9,1,80.21596156918956,0.761449224040907,84.05743606118025,1213,1.031566407007631,82.55681361723524,89.91944039989956,109.00630624980998,0.0,0.61
medium,0.16,0.05,cvar0.1,0.1,10,1,81.696048029718,0.47495134605899114,85.99742381006284,1142,0.9014403020264581,85.03937489755728,95.9994137489214,117.2738728787471,0.0,0.635
medium,0.16,0.05,cvar0.1,0.1,11,1,79.95287472289516,1.0086346282036152,83.10465561378157,1241,1.0423859279835597,82.30622150273253,91.67012127124696,105.40932467931816,0.0,0.4225
medium,0.16,0.05,cvar0.1,0.1,12,1,81.45114943433948,0.07076020303453578,87.28533700581043,1193,0.8608898019883782,86.22261547905013,98.07392981834985,114.95560390219762,0.0,0.76
medium,0.16,0.05,cvar0.1,0.1,13,1,81.86660034215797,1.3244031771104834,84.92260802853636,1226,0.8781435550190508,84.37762607021081,92.57202198736142,114.20796457542781,0.0,0.4575
medium,0.16,0.05,cvar0.1,0.1,14,1,82.61061175608369,0.4994562662198976,87.8098919471175,1206,0.571780995989684,86.45563485956168,97.78827630515707,114.75968147854249,0.0,0.6325
medium,0.16,0.05,cvar0.1,0.1,15,1,80.86357781964409,1.111986794842999,84.35929554583697,1228,0.6327788350172341,83.32536066752749,92.89189093736066,112.3312399266697,0.0,0.5
medium,0.16,0.05,cvar0.1,0.1,16,1,81.119112681236,1.157516307085384,85.05694100026858,1261,1.138139252027031,83.3039771961408,91.21543553310349,105.95220228237767,0.0,0.565
medium,0.16,0.05,cvar0.1,0.1,17,1,80.85515676871249,0.8754431349887377,84.69850528644295,1245,0.8648246899829246,83.34847353047918,93.00755895873182,110.21492318719315,0.0,0.5125
medium,0.16,0.05,cvar0.1,0.1,18,1,80.94530354123435,0.24784439626780808,85.21435367131821,1245,0.7152282620081678,84.36909234567378,95.54039241765467,105.56108188406178,0.0,0.5875
medium,0.16,0.05,cvar0.1,0.1,19,1,81.52444493667113,1.1879112297952332,84.21635939161295,1201,0.6689015139709227,83.31841509609858,90.16691173023611,110.30809774335697,0.0,0.47
medium,0.16,0.05,cvar0.1,0.1,20,1,81.34653244324326,1.0142585657764118,85.42483551842028,1149,0.7605054550222121,83.84071575036006,92.02119396044739,108.02643983582144,0.0,0.56
medium,0.16,0.05,cvar0.1,0.1,21,1,79.94910091235565,1.970677277749093,82.0970600980561,1218,0.8249348999815993,81.39094780023349,87.79076433920268,113.49464229773206,0.0,0.335
medium,0.16,0.05,cvar0.1,0.1,22,1,81.3862208402064,2.330266799608137,83.46034349227466,1156,0.8759521930478513,83.04300795557253,90.28489957538767,113.49134949609285,0.0,0.3075
medium,0.16,0.05,cvar0.1,0.1,23,1,81.52810599110774,0.05344436117469398,86.37482317334131,1197,1.0097352620214224,85.7844804928298,100.08114837278967,127.66643252444973,0.0075,0.56
medium,0.16,0.05,cvar0.1,0.1,24,1,82.79014843570528,0.7911668655728761,88.27445702666485,1231,0.872045940021053,87.04498288117534,99.24459281302298,118.93614714663173,0.0025,0.755
medium,0.16,0.05,cvar0.1,0.1,25,1,79.97856101405577,1.0666786229770269,84.52644128989823,1169,0.8239695459487848,83.69227635046089,96.51765096265177,118.62705983240959,0.0,0.57
medium,0.16,0.05,cvar0.1,0.1,26,1,81.53130377937711,1.2961639561887834,84.70795501722947,1201,0.6938569850171916,83.32174344508246,90.08986159745494,106.71200225619583,0.0,0.4375
medium,0.16,0.05,cvar0.1,0.1,27,1,79.66776303297631,1.3444400674502157,82.13241240565056,1247,0.7803775179781951,81.4601929238672,89.37519555611209,101.7101115389077,0.0,0.3775
medium,0.16,0.05,cvar0.1,0.1,28,1,80.15870564350902,0.7946738063090968,83.06310127582807,1255,0.7193159779999405,82.07553407887866,89.31270607622409,98.31765563094348,0.0,0.485
medium,0.16,0.05,cvar0.1,0.1,29,1,80.95382760662193,0.42021415188315303,85.25213486599301,1262,0.6029786259750836,84.25909824483523,94.58026707002058,121.54243710012759,0.0025,0.625
medium,0.16,0.05,cvar0.1,0.1,30,1,80.64613841518988,0.34102604739462716,85.40048146325569,1196,0.5234190310002305,84.23946954689123,94.85280016300419,115.00863119733401,0.0,0.6325
medium,0.16,0.05,cvar0.1,0.1,31,1,82.27236439103434,0.5232078823576689,86.84528665078967,1168,0.5739343769964762,85.64662151727005,96.64691159954319,112.10225201632478,0.0,0.5975
medium,0.16,0.05,cvar0.1,0.1,32,1,80.52061289374468,2.283753795040325,83.4809496858629,1189,0.6593361639534123,82.3787138521545,90.06537715172644,102.09675496817714,0.0,0.39
medium,0.16,0.05,cvar0.1,0.1,33,1,80.27534763901588,0.19171238780333688,85.56808656162292,1220,0.6776971700019203,84.48872053975484,95.44740865907022,119.59499531386909,0.0025,0.6925
medium,0.16,0.05,cvar0.1,0.1,34,1,81.63660743054116,2.3229638441410083,84.01263206585234,1215,0.9677434079931118,83.57598161837858,92.51446601871285,144.09983807048047,0.0025,0.3375
medium,0.16,0.05,cvar0.1,0.1,35,1,79.54071412112347,1.8612864943385719,82.0484880712467,1223,0.8749725010129623,81.30669456838821,88.93955454846794,98.33145480962943,0.0,0.4575
medium,0.16,0.05,cvar0.1,0.1,36,1,81.90939553495483,0.3573660302497492,86.3503522859512,1157,0.7957895790459588,85.04668877852704,96.13413564464312,115.1821538449053,0.0,0.54
medium,0.16,0.05,cvar0.1,0.1,37,1,80.89684540000509,1.410510229422183,84.2603159381475,1166,0.8522713619749993,83.78984720734336,94.13348717297042,115.48400806552101,0.0,0.58
medium,0.16,0.05,cvar0.1,0.1,38,1,81.91118786848429,1.3352748760041946,85.76129148252885,1259,0.7380705480463803,84.21588206650809,93.21547335233643,106.8848165732948,0.0,0.54
medium,0.16,0.05,cvar0.1,0.1,39,1,80.97485599869488,0.014076705142426427,86.63394793801933,1147,0.5367599789751694,85.2597318259136,98.39085599802664,120.3275188331836,0.0025,0.6625
medium,0.16,0.05,cvar0.1,0.1,40,1,83.9108554180658,0.7013501415549896,88.66043706860674,1068,0.7014779110322706,88.20891755079666,100.66703055202267,119.06581294081529,0.0025,0.6575
medium,0.16,0.05,cvar0.1,0.1,41,1,80.84328446670617,0.05957026765749962,86.58944378601645,1206,0.9618619609973393,85.73220339142604,98.0410998418216,133.2571172861737,0.005,0.7675
medium,0.16,0.05,cvar0.1,0.1,42,1,80.03085016184227,0.26681362204576153,84.59273610029723,1228,1.0295301789883524,83.1886744908985,93.77337232396705,108.98923508492372,0.0,0.6
medium,0.16,0.05,cvar0.1,0.1,43,1,81.22610103562157,0.7024247969794049,84.30978613065861,1175,0.8066929890192114,83.71455231555163,93.62890859901118,110.0303927185387,0.0,0.5075
medium,0.16,0.05,cvar0.1,0.1,44,1,79.9460145630757,1.194613755275645,83.90276045379174,1211,1.0143178040161729,83.28005903365145,94.85846343950617,129.9771834916635,0.0025,0.545
medium,0.16,0.05,cvar0.1,0.1,45,1,81.32619327389722,0.6321269318736453,86.63555353068396,1190,0.8932729730149731,84.30490887010353,92.26200437983346,130.28502217826588,0.0025,0.6325
medium,0.16,0.05,cvar0.1,0.1,46,1,80.74648403106693,1.68358521085878,83.40992329883586,1222,0.8426365199848078,83.5363480910416,93.51570618530823,115.54818042577222,0.0,0.53
medium,0.16,0.05,cvar0.1,0.1,47,1,82.01835906674887,1.0155320653287863,86.17663489229828,1211,0.8695277399965562,84.61141117758092,94.19306290615482,108.41553224167565,0.0,0.585
medium,0.16,0.05,cvar0.1,0.1,48,1,80.06641828912848,1.3997313156881164,83.69569152157545,1244,0.9667811900144443,83.3669327948109,95.2677520980626,114.60642730960132,0.0,0.555
medium,0.16,0.05,cvar0.1,0.1,49,1,80.54535165644666,1.3862066866600893,83.64816711621057,1245,0.8126074080355465,82.48346989255305,90.78211776460125,114.88543423122631,0.0,0.3975
medium,0.16,0.05,cvar0.5,0.5,0,1,81.89890493620074,2.2359081058582264,89.35371814392015,1183,0.6532186800031923,83.57120424922294,90.78226301325176,105.36240079733552,0.0,0.3825
medium,0.16,0.05,cvar0.5,0.5,1,1,81.35180768502298,1.028639659675977,89.42052499890181,1191,0.7226193120004609,83.75440945723196,91.41253511624734,111.60751706432835,0.0,0.535
medium,0.16,0.05,cvar0.5,0.5,2,1,80.25576000657001,0.33984983583126427,88.54544448665519,1185,0.6885638100211509,83.17153996813528,93.25879382382321,112.41624414066203,0.0,0.5775
medium,0.16,0.05,cvar0.5,0.5,3,1,80.74876232504204,1.9147827001809983,86.30738507899366,1191,0.7635142219951376,82.39251884474193,89.49316384233525,103.58268162308893,0.0,0.3875
medium,0.16,0.05,cvar0.5,0.5,4,1,81.18378747555363,1.829940053976584,88.17358671012789,1217,0.8684716330026276,83.04859081351155,91.34346956806499,102.68199705809565,0.0,0.4175
medium,0.16,0.05,cvar0.5,0.5,5,1,80.85727035286399,0.5783584603718164,89.73593223802465,1185,0.7398476670496166,84.45991813334265,95.80336611400692,114.36838091743019,0.0,0.595
medium,0.16,0.05,cvar0.5,0.5,6,1,82.80654065725686,0.7558540024524758,91.19090627245566,1147,0.6652871719561517,86.14725496778605,95.86797852040664,108.99124787276084,0.0,0.655
medium,0.16,0.05,cvar0.5,0.5,7,1,82.65683318384444,0.36830078489731477,92.18976060310783,1133,0.685125881980639,86.67509024934633,99.58831173365978,111.81618575721492,0.0,0.6775
medium,0.16,0.05,cvar0.5,0.5,8,1,81.61153800651762,0.24867772973430813,93.11354918439093,1193,0.9319886339944787,84.7233085701733,93.41454136107366,111.14003517817717,0.0,0.6325
medium,0.16,0.05,cvar0.5,0.5,9,1,80.52709015135864,0.761449224040907,88.61089552010111,1213,0.9692936479696073,82.77715248191558,89.76763482527588,98.82087910536522,0.0,0.5875
medium,0.16,0.05,cvar0.5,0.5,10,1,81.71889440749166,0.5133036708160019,91.09629293880303,1142,0.8703047379967757,84.70901145360443,94.62256755041695,113.39383459606519,0.0,0.58
medium,0.16,0.05,cvar0.5,0.5,11,1,80.70921021286222,1.9458429193230176,86.93861095314982,1241,1.0227492509875447,82.34046363354621,88.20227853039538,108.5002255410181,0.0,0.3375
medium,0.16,0.05,cvar0.5,0.5,12,1,82.56867291965773,0.07076020303453578,92.9860795841831,1193,0.815451824979391,86.91081175431289,99.91601065451165,123.05350078297411,0.0025,0.6625
medium,0.16,0.05,cvar0.5,0.5,13,1,82.67462538195237,1.4628421200546375,88.61711067706307,1226,0.7191360080032609,84.10376379443674,90.79335903578526,100.82943664916833,0.0,0.375
medium,0.16,0.05,cvar0.5,0.5,14,1,83.27090077734668,0.4994562662198976,93.45954263214998,1206,0.7582099559949711,86.6260219481598,98.32871062677474,111.66325772410362,0.0,0.57
medium,0.16,0.05,cvar0.5,0.5,15,1,80.8304868990727,1.111986794842999,88.81962820157892,1228,0.8814009630004875,83.48791846703836,93.55618918739047,125.37926181730073,0.0025,0.535
medium,0.16,0.05,cvar0.5,0.5,16,1,81.70570772203273,1.157516307085384,89.84898629946453,1261,1.037434549012687,83.8061592503745,92.91107507179963,106.7419721226571,0.0,0.47
medium,0.16,0.05,cvar0.5,0.5,17,1,81.73970514746023,0.8754431349887377,89.49409134073925,1245,0.992804768960923,83.9495114833839,93.1312077620221,110.42418460256097,0.0,0.4975
medium,0.16,0.05,cvar0.5,0.5,18,1,80.82301127505885,0.24784439626780808,90.2788861839041,1245,0.9698928010184318,84.39781008473348,96.63115135772965,124.69463591330884,0.005,0.6275
medium,0.16,0.05,cvar0.5,0.5,19,1,81.85531298178067,2.1396588955965417,88.12917385158576,1201,0.8734455459634773,83.46284471330453,91.31881290318833,103.19182129502937,0.0,0.35
medium,0.16,0.05,cvar0.5,0.5,20,1,82.02795705526299,1.0142585657764118,90.11095864698089,1149,0.6734855090035126,84.53606122813893,93.40353319323684,128.34756111976853,0.0025,0.475
medium,0.16,0.05,cvar0.5,0.5,21,1,80.02985145191347,1.970677277749093,85.60928551368526,1218,0.654374714998994,81.2247170345217,86.5133559137092,101.00050154904504,0.0,0.365
medium,0.16,0.05,cvar0.5,0.5,22,1,81.46640589011857,2.330266799608137,86.8231765611257,1156,0.7697518530185334,82.78338809766305,89.91952149287171,111.15202738474662,0.0,0.2875
medium,0.16,0.05,cvar0.5,0.5,23,1,82.1739987734927,0.05344436117469398,91.55679461669085,1197,0.936120233964175,85.71490398610835,96.71979010099614,116.9679046108484,0.0,0.6025
medium,0.16,0.05,cvar0.5,0.5,24,1,83.77816833417323,0.7911668655728761,94.21841029387454,1231,1.0449265299830586,87.57428257483569,99.10230360144423,124.79666061967961,0.0025,0.685
medium,0.16,0.05,cvar0.5,0.5,25,1,80.27101021119216,1.0666786229770269,89.94183034665446,1169,0.9096592770074494,83.33110381222076,94.6622319957743,113.19964138789885,0.0,0.5775
medium,0.16,0.05,cvar0.5,0.5,26,1,81.72158910460567,1.2961639561887834,89.2147797710321,1201,0.7404308800469153,83.46121541981755,90.2503831498083,110.53263247719755,0.0,0.46
medium,0.16,0.05,cvar0.5,0.5,27,1,79.5311919588468,1.3444400674502157,85.51986717235792,1247,0.7658256410504691,81.38133128422683,89.22214860508761,111.86665103909951,0.0,0.4225
medium,0.16,0.05,cvar0.5,0.5,28,1,80.6863536310538,2.3857310629457054,86.36330316858778,1255,0.7217561809811741,82.35088350482445,89.1854715128224,107.98516655185495,0.0,0.36
medium,0.16,0.05,cvar0.5,0.5,29,1,81.29559213871131,0.42021415188315303,90.19773251689156,1262,0.8194096559891477,84.48561825642854,94.9483439994837,124.93181825852142,0.0025,0.645
medium,0.16,0.05,cvar0.5,0.5,30,1,80.69092573014119,0.34102604739462716,90.76789161467514,1196,0.6779751849826425,84.70827711202539,97.18402068481667,121.30731987822813,0.0025,0.6425
medium,0.16,0.05,cvar0.5,0.5,31,1,83.58664930111564,1.7847264999728312,92.45343586293143,1168,0.6604659199947491,86.13387867291443,95.19771655267127,114.40502731651995,0.0,0.53
medium,0.16,0.05,cvar0.5,0.5,32,1,80.53531398258319,2.0159895476407215,87.61783810843423,1189,0.8019706729683094,82.73033887585639,91.58427096621693,111.45388135574525,0.0,0.425
medium,0.16,0.05,cvar0.5,0.5,33,1,80.51132680677905,0.19171238780333688,91.45419959437571,1220,0.8206344509962946,84.63065204381961,97.5593345283578,135.95096051859852,0.005,0.725
medium,0.16,0.05,cvar0.5,0.5,34,1,81.7566529389984,2.330947270021496,87.68092969119063,1215,0.8442471949965693,83.23257122320366,88.93881559473994,105.81809355994739,0.0,0.3825
medium,0.16,0.05,cvar0.5,0.5,35,1,79.6654986441714,2.3237657225293598,85.58640303974707,1223,0.6762143269879743,81.29676814301429,88.69785886015951,98.58018187460115,0.0,0.4175
medium,0.16,0.05,cvar0.5,0.5,36,1,82.40997259231852,0.62212993781894,91.58862230878354,1157,0.7222368990187533,84.91764315136744,93.59331301906212,102.14711508114362,0.0,0.5425
medium,0.16,0.05,cvar0.5,0.5,37,1,81.6010626836782,1.6693087257950268,88.97961980607965,1166,0.7394143079873174,84.66665361303558,95.98483988330743,128.38546402736685,0.0025,0.5675
medium,0.16,0.05,cvar0.5,0.5,38,1,81.9210734264094,1.3352748760041946,90.55773458061788,1259,0.7371209930279292,84.4107254678559,93.77115684230156,111.67342767860043,0.0,0.5275
medium,0.16,0.05,cvar0.5,0.5,39,1,82.36352194838818,0.7098346953201347,92.50334440327924,1147,0.6641768429544754,86.02704432094961,98.60036191692163,112.7884493092556,0.0,0.6125
medium,0.16,0.05,cvar0.5,0.5,40,1,85.942685387479,1.1172506197132037,93.72330153287712,1068,0.6044404989806935,88.64350945277658,99.19568593791136,112.40877502398779,0.0,0.5325
medium,0.16,0.05,cvar0.5,0.5,41,1,81.378937832942,0.05957026765749962,92.49431266463412,1206,0.7984608680126257,85.78592273355345,98.00648960906392,117.99567592276752,0.0,0.7375
medium,0.16,0.05,cvar0.5,0.5,42,1,80.0309969437279,0.26681362204576153,89.8331446493915,1228,0.7395550750079565,83.45022027799088,93.39713918421236,107.1775873963407,0.0,0.62
medium,0.16,0.05,cvar0.5,0.5,43,1,82.36538492507991,2.3571347947721506,87.99261468186977,1175,0.692700068000704,83.61852722845943,90.2177061867162,114.8790156436547,0.0,0.325
medium,0.16,0.05,cvar0.5,0.5,44,1,79.9811683939651,1.194613755275645,88.94953279592434,1211,0.9369229510193691,83.36277760309767,95.32092513076647,118.21810774580149,0.0,0.6
medium,0.16,0.05,cvar0.5,0.5,45,1,81.75842283603714,0.6321269318736453,92.51983250829053,1190,0.9890062090125866,85.02409105366397,96.06006676841952,119.2786373201675,0.0025,0.5975
medium,0.16,0.05,cvar0.5,0.5,46,1,80.98636173751049,1.9458178680551041,87.23993732104053,1222,0.9626354530337267,83.40993260202718,93.1370333150472,109.45207772565387,0.0,0.4975
medium,0.16,0.05,cvar0.5,0.5,47,1,82.00714155097185,1.0155320653287863,91.25158254790479,1211,0.9184864520211704,84.63213925392611,94.05592307498229,115.23528944688982,0.0,0.54
medium,0.16,0.05,cvar0.5,0.5,48,1,80.09376434837571,1.3997313156881164,88.3234835277928,1244,0.7553227979806252,83.20390316494552,93.34883950054588,116.91789708369531,0.0,0.555
medium,0.16,0.05,cvar0.5,0.5,49,1,81.01191239028158,1.3862066866600893,87.9319476974997,1245,0.7283634699997492,82.68008980099935,88.98565655274079,102.09017207423722,0.0,0.405
medium,0.16,0.05,cvar0.9,0.9,0,1,84.78417565605218,3.281095354522826,107.30308996582485,1183,0.6302133949939162,85.93882837279533,91.18665333571015,120.51220877003624,0.0025,0.35
medium,0.16,0.05,cvar0.9,0.9,1,1,85.84341426878898,2.126423949544579,108.94592431574421,1191,0.5862479520146735,87.52273346981794,97.05852079320219,107.7913046799834,0.0,0.3675
medium,0.16,0.05,cvar0.9,0.9,2,1,87.07665308897835,3.4150831928190613,107.39802425751571,1185,0.8806338729918934,88.52112175667858,95.73476891549223,111.16068924110164,0.0,0.3675
medium,0.16,0.05,cvar0.9,0.9,3,1,82.86335621790612,3.6238236517861724,97.31248502959936,1191,0.786073234048672,84.22119857583057,90.28664882500752,107.37243151958823,0.0,0.3125
medium,0.16,0.05,cvar0.9,0.9,4,1,84.5799517017718,2.7517526779199177,104.96337497389118,1217,0.9174544119741768,85.83412997790091,93.70835591146933,105.77136871893148,0.0,0.26
medium,0.16,0.05,cvar0.9,0.9,5,1,86.3268500208145,1.7960076986813327,106.54182657826988,1185,0.9189683939912356,87.98249577276205,94.95331688977618,116.47496922887183,0.0,0.4175
medium,0.16,0.05,cvar0.9,0.9,6,1,87.5096734391164,2.0510085889514063,109.21790283727402,1147,0.6961725020082667,89.60535596309721,98.53515418997893,121.88977275149871,0.0025,0.445
medium,0.16,0.05,cvar0.9,0.9,7,1,88.66043661473326,2.4809540307677924,109.52963172357494,1133,0.6482077389955521,90.67245567797208,98.28193072619612,127.9505253998313,0.005,0.4575
medium,0.16,0.05,cvar0.9,0.9,8,1,85.26665373214855,2.025221542175567,120.0330740485129,1193,0.7307039230363443,86.99112951574989,95.10007925414615,117.70656459607916,0.0,0.4525
medium,0.16,0.05,cvar0.9,0.9,9,1,82.55671659227998,1.655218071283013,108.75934288191232,1213,0.5429828620399348,84.4112070005635,91.34538450872552,107.29870575995251,0.0,0.4675
medium,0.16,0.05,cvar0.9,0.9,10,1,87.67323885105925,2.108865213804494,112.47203675029516,1142,0.7990263979882002,89.7602083610446,98.83054935499457,119.21524119511497,0.0025,0.445
medium,0.16,0.05,cvar0.9,0.9,11,1,81.21353567598284,1.9458429193230176,100.79057069996249,1241,0.8023177590221167,82.54555737944087,88.9456456104152,107.46313672836548,0.0,0.3675
medium,0.16,0.05,cvar0.9,0.9,12,1,89.85682424725334,1.8803001221450728,112.92983797533503,1193,0.8392434370471165,92.3152125260675,102.21288747746665,125.28385978878411,0.0075,0.4525
medium,0.16,0.05,cvar0.9,0.9,13,1,84.334339003376,3.555009534576711,99.58257490394769,1226,0.8018275320064276,85.21387979332911,90.24281917242408,105.22235484010974,0.0,0.245
medium,0.16,0.05,cvar0.9,0.9,14,1,86.88063289781918,0.45404740158005286,118.01853799045918,1206,0.6933628710103221,89.23938198887866,97.04018784731008,112.00912379390122,0.0,0.6275
medium,0.16,0.05,cvar0.9,0.9,15,1,83.47497371323472,2.217788835333095,106.01794878883348,1228,0.6749142889748327,85.07267844231133,92.19013195714689,103.87915071647771,0.0,0.4575
medium,0.16,0.05,cvar0.9,0.9,16,1,87.03641039800586,3.9048852570307844,104.8143448467463,1261,0.667880343971774,88.00714943825729,93.02975329753772,120.00824049012368,0.0025,0.285
medium,0.16,0.05,cvar0.9,0.9,17,1,82.92201154813306,0.976438736261076,108.01641765169056,1245,0.6698790019727312,84.58839151591339,91.68812877076304,106.57589064892811,0.0,0.43
medium,0.16,0.05,cvar0.9,0.9,18,1,86.34701987581042,2.4177035818601778,106.3110517971862,1245,0.8538627899833955,88.01297562394002,95.54999553053739,109.45757467383697,0.0,0.355
medium,0.16,0.05,cvar0.9,0.9,19,1,82.9441830584028,3.138826866134571,101.07906651139142,1201,0.8462024410255253,84.14340729892359,90.3465553373899,123.68612118832797,0.0025,0.3075
medium,0.16,0.05,cvar0.9,0.9,20,1,84.277518413555,0.9443719936660435,109.32801214483781,1149,0.7265063489903696,86.01922756227786,92.27213100206805,104.51925709374454,0.0,0.465
medium,0.16,0.05,cvar0.9,0.9,21,1,81.53205578059664,4.0,96.38430699828045,1218,0.840971642988734,82.30263922017225,86.42015683614788,102.16690937751255,0.0,0.2525
medium,0.16,0.05,cvar0.9,0.9,22,1,81.99452181042838,2.330266799608137,97.21283715738785,1156,0.9334328040131368,83.38927757989471,90.34254267673404,115.87753736126183,0.0,0.3125
medium,0.16,0.05,cvar0.9,0.9,23,1,85.2415529481761,1.0234915896066101,114.10143787255329,1197,0.920465603005141,87.7575922231044,98.6588923629628,114.5510443322604,0.0,0.5025
medium,0.16,0.05,cvar0.9,0.9,24,1,89.18980733499293,1.8668694778724246,115.42525745607696,1231,0.9618576229549944,91.32512213169738,98.62887615942364,115.77995032189146,0.0,0.435
medium,0.16,0.05,cvar0.9,0.9,25,1,87.51017802174415,1.3049206311224912,113.08502319928702,1169,0.8922006569919176,89.51709184824044,97.10037317291479,122.18755979070079,0.0025,0.4675
medium,0.16,0.05,cvar0.9,0.9,26,1,83.74040438980809,2.7546497814239572,105.7853847766531,1201,0.5706920980010182,85.21270755231711,93.82531474211251,113.07690476735434,0.0,0.3275
medium,0.16,0.05,cvar0.9,0.9,27,1,82.45230160516864,2.7765609140957848,97.42249519703033,1247,0.6002437070128508,83.59608008861397,89.63568240813588,105.91583262457812,0.0,0.2975
medium,0.16,0.05,cvar0.9,0.9,28,1,82.56209282984747,3.8743139273895846,97.1323680641809,1255,0.6786368659813888,83.47355471877607,88.44078910221157,98.60064381453581,0.0,0.255
medium,0.16,0.05,cvar0.9,0.9,29,1,86.95749213715156,0.7725027043849899,111.66336626730438,1262,0.9001104070339352,88.9698393016132,97.12344575555068,118.73270964313323,0.0,0.4725
medium,0.16,0.05,cvar0.9,0.9,30,1,81.31738720725791,0.34102604739462716,118.47009897304598,1196,0.912313383014407,84.9603820145792,95.82849200069938,116.32865877894056,0.0,0.685
medium,0.16,0.05,cvar0.9,0.9,31,1,85.78482463116083,1.835916421884611,111.46778058866064,1168,0.8145833740127273,87.5774799300962,95.42793599612446,104.0428779048699,0.0,0.43
medium,0.16,0.05,cvar0.9,0.9,32,1,81.29562725380364,2.5774151443741715,103.71066829430434,1189,0.8124140430008993,83.09897668384299,91.38702540388971,117.46987262658581,0.0,0.37
medium,0.16,0.05,cvar0.9,0.9,33,1,85.69100906081067,1.87975033831259,117.2789114452426,1220,0.8860092840041034,87.70914574246842,96.5605481782662,108.58055606075217,0.0,0.495
medium,0.16,0.05,cvar0.9,0.9,34,1,82.28863052623713,3.033982381470607,99.53043343779392,1215,0.6481929900473915,83.54908228071633,89.36994641857143,113.7383513720622,0.0,0.315
medium,0.16,0.05,cvar0.9,0.9,35,1,81.97977753289221,2.7025928535916846,95.57297027168174,1223,0.7552272379980423,82.98041339620639,88.54873560852911,104.79148862410457,0.0,0.27
medium,0.16,0.05,cvar0.9,0.9,36,1,84.96230750371892,1.6149435261129899,110.81360868161917,1157,0.8160190879716538,86.67743388302374,92.95430434957356,108.12479755036163,0.0,0.43
medium,0.16,0.05,cvar0.9,0.9,37,1,82.93767343994523,1.718661233164755,105.03441144552639,1166,0.6380528939771466,85.0275305512968,94.58686758836333,106.80331432627338,0.0,0.49
medium,0.16,0.05,cvar0.9,0.9,38,1,84.39748410644482,1.9787987665980507,112.46306385871787,1259,0.7645208649919368,86.56431904718444,96.43731806798301,109.55408322005036,0.0,0.45
medium,0.16,0.05,cvar0.9,0.9,39,1,86.34681099006653,0.7098346953201347,117.24599507644653,1147,0.6661277809762396,88.85650556564215,97.6131461495397,110.88573571394582,0.0,0.51
medium,0.16,0.05,cvar0.9,0.9,40,1,87.92238073203742,1.6445609150021756,113.8117852747533,1068,0.6943372340174392,90.07955760986228,99.96292087631421,123.51652919401614,0.0025,0.465
medium,0.16,0.05,cvar0.9,0.9,41,1,87.04106269447554,0.9375401108983397,111.35811170480542,1206,0.9037142689921893,88.89328258571393,97.79605672798941,118.91026711245006,0.0025,0.39
medium,0.16,0.05,cvar0.9,0.9,42,1,87.05935412665983,2.1262148069935236,113.36988823198948,1228,0.6255797060439363,88.87123287617152,95.08996038793521,125.87783450965375,0.005,0.365
medium,0.16,0.05,cvar0.9,0.9,43,1,83.64449317140742,2.885637645284791,100.5377946071721,1175,0.6226136109908111,84.89138677261012,90.99581437648474,108.90708265369352,0.0,0.2975
medium,0.16,0.05,cvar0.9,0.9,44,1,83.30636531524787,1.1570946046978072,110.63544867191985,1211,0.7733849399955943,85.10135333261151,91.55090005683586,107.65310553945956,0.0,0.51
medium,0.16,0.05,cvar0.9,0.9,45,1,82.7878111146254,0.451211690696101,121.18759620426339,1190,0.6804933350067586,85.53721239996544,94.48743670098744,109.6753912769103,0.0,0.5775
medium,0.16,0.05,cvar0.9,0.9,46,1,82.95076412744923,3.160164203921714,99.9563830883904,1222,0.8043792559765279,84.60010437854027,91.77978645180403,120.21381853680133,0.0025,0.32
medium,0.16,0.05,cvar0.9,0.9,47,1,89.11464866403878,2.8208201523060987,117.40455110098901,1211,0.7654941439977847,90.99692942964246,99.73031411024205,119.56003340826548,0.0025,0.395
medium,0.16,0.05,cvar0.9,0.9,48,1,83.5731866173984,2.0093088938390142,106.19909032692554,1244,0.845348606002517,85.47346479248726,91.93458167536012,106.18573522453488,0.0,0.4675
medium,0.16,0.05,cvar0.9,0.9,49,1,83.48442539330907,2.7509474873128923,101.6510059434581,1245,0.9528473310056143,84.62094212060646,89.84645351404725,111.75105181659639,0.0,0.2875
medium,0.16,0.1,rrtstar,,0,1,80.5625313909114,0.1756301702739016,80.5625313909114,1183,0.17956969398073852,86.73101677466963,107.94708710455473,153.72296443357376,0.0325,0.4875
medium,0.16,0.1,rrtstar,,1,1,80.2783838347287,0.17586635269133888,80.2783838347287,1191,0.20940291503211483,88.000022722862,112.72593125020838,166.01931426116974,0.0325,0.565
medium,0.16,0.1,rrtstar,,2,1,79.79914771711881,0.33984983583126427,79.7991477171188,1185,0.20716015598736703,88.1246882495451,113.81837132233696,164.4512307945368,0.04,0.5725
medium,0.16,0.1,rrtstar,,3,1,79.96095803817926,0.15769470043003198,79.96095803817926,1191,0.21029554295819253,85.54287218187133,106.04990243036589,160.52686543621653,0.02,0.485
medium,0.16,0.1,rrtstar,,4,1,80.15760351423195,0.1059374230087573,80.15760351423195,1217,0.16216927400091663,87.32625568551019,114.68022153329972,142.71692807514384,0.0225,0.54
medium,0.16,0.1,rrtstar,,5,1,80.15691784007424,0.6151072594567273,80.15691784007427,1185,0.18555573897901922,89.24565123338918,113.94644417099991,140.36617603452504,0.0375,0.6225
medium,0.16,0.1,rrtstar,,6,1,81.6047420431728,0.44986202232787686,81.6047420431728,1147,0.17756354197626933,91.74990849928204,121.11048405097723,182.65167733875293,0.0675,0.635
medium,0.16,0.1,rrtstar,,7,1,81.53290779954216,0.0031465265426089406,81.53290779954216,1133,0.14840049797203392,94.05273894697099,123.21354548648257,170.4062980771866,0.075,0.7725
medium,0.16,0.1,rrtstar,,8,1,80.96612045021246,0.12632652100764097,80.96612045021246,1193,0.17698906600708142,90.52599125600891,116.98374863414023,181.8544981830167,0.0375,0.6925
medium,0.16,0.1,rrtstar,,9,1,79.89581930903198,0.4387792260001957,79.895819309032,1213,0.18193727900506929,87.14184471192878,109.76184470766357,145.56306019820832,0.03,0.5175
medium,0.16,0.1,rrtstar,,10,1,80.41021645463837,0.42767718090318496,80.41021645463836,1142,0.1615956099703908,92.3519370950096,126.17647229736443,180.14240840917248,0.0725,0.7175
medium,0.16,0.1,rrtstar,,11,1,79.7275401252344,0.38741030662022147,79.7275401252344,1241,0.17281682003522292,86.72793683932974,109.1991007404097,144.25805568664578,0.0225,0.5725
medium,0.16,0.1,rrtstar,,12,1,80.88096906108535,0.07076020303453578,80.88096906108537,1193,0.24479022499872372,92.99772756791002,126.25707267709771,236.76197435806657,0.0875,0.7475
medium,0.16,0.1,rrtstar,,13,1,80.80201256797274,0.6235607671958405,80.80201256797272,1226,0.2466048650094308,90.24989070780401,118.61494081843776,172.80160315201064,0.0475,0.6325
medium,0.16,0.1,rrtstar,,14,1,82.0255913970532,0.009427876741022079,82.0255913970532,1206,0.25692976103164256,93.8876779492876,120.48133343034321,157.76542890323904,0.06,0.7825
medium,0.16,0.1,rrtstar,,15,1,79.86964728525486,0.32575741700509275,79.86964728525486,1228,0.25968946801731363,88.97255875049149,111.4850279506622,143.01206492092436,0.035,0.7325
medium,0.16,0.1,rrtstar,,16,1,79.80909630412506,0.26838780820218533,79.80909630412505,1261,0.19990671600680798,88.70087480739326,115.37607904126303,175.29751720815534,0.04,0.61
medium,0.16,0.1,rrtstar,,17,1,79.58653794637529,0.058606128473710495,79.58653794637527,1245,0.2754294399637729,89.22165434125169,119.710457098404,203.15414369211516,0.0575,0.6525
medium,0.16,0.1,rrtstar,,18,1,80.53550339748429,0.24784439626780808,80.53550339748426,1245,0.294233663007617,90.77760202300696,121.89736644568262,193.41180504953792,0.065,0.6475
medium,0.16,0.1,rrtstar,,19,1,80.22679574438226,0.05313859276882038,80.22679574438226,1201,0.2595789490151219,86.92566510688283,108.95020674998719,140.55320711139504,0.025,0.5575
medium,0.16,0.1,rrtstar,,20,1,80.42463492442099,0.03230313451190181,80.42463492442099,1149,0.16156274796230718,89.18841482609892,110.4131268183334,188.24567142008794,0.035,0.6725
medium,0.16,0.1,rrtstar,,21,1,79.3809930976804,0.9258261051983148,79.38099309768043,1218,0.1594301059958525,84.15963173568075,103.43279295605231,159.17228293109346,0.0225,0.39
medium,0.16,0.1,rrtstar,,22,1,80.98181492788305,0.8703146327325357,80.98181492788305,1156,0.1896502579911612,84.57511904143911,102.72728531484101,145.50994722598153,0.0125,0.3375
medium,0.16,0.1,rrtstar,,23,1,81.8036971846946,0.05344436117469398,81.80369718469457,1197,0.2031781190307811,90.73267666055996,119.40162540205816,168.3588354485171,0.06,0.61
medium,0.16,0.1,rrtstar,,24,1,81.94128355113926,0.018057190238894183,81.94128355113924,1231,0.2755820379825309,97.31669483318318,133.9668644603082,186.52808015672557,0.1175,0.8325
medium,0.16,0.1,rrtstar,,25,1,80.01018655447602,0.48698466207393043,80.01018655447602,1169,0.27503888198407367,87.34747348132689,107.48268633510243,152.01448290962503,0.035,0.5875
medium,0.16,0.1,rrtstar,,26,1,80.72789936614694,0.16795623695945183,80.72789936614697,1201,0.28728739300277084,89.7151783693162,118.5187466961484,176.63071648631674,0.05,0.6425
medium,0.16,0.1,rrtstar,,27,1,79.4767016703431,0.1128783895979486,79.4767016703431,1247,0.2828723080456257,84.24549837875227,104.93950832735217,127.43178717437222,0.0075,0.505
medium,0.16,0.1,rrtstar,,28,1,79.59825397760122,0.12538819929510758,79.59825397760122,1255,0.16607824299717322,89.19055802738195,122.12614384199055,163.22737027833492,0.06,0.5625
medium,0.16,0.1,rrtstar,,29,1,80.2308062044346,0.04761361769590433,80.23080620443461,1262,0.19602610002039,91.6172033968924,118.56721827075731,190.8636884219236,0.05,0.735
medium,0.16,0.1,rrtstar,,30,1,80.36066567334223,0.34102604739462716,80.36066567334223,1196,0.1774222360108979,89.60757791234197,112.26130359049365,203.1536025193903,0.035,0.685
medium,0.16,0.1,rrtstar,,31,1,81.68282826671074,0.4719294391327047,81.68282826671076,1168,0.18493116798345,91.27817994534256,116.78062001173292,146.1092408416113,0.045,0.715
medium,0.16,0.1,rrtstar,,32,1,79.78185692492369,0.02130450633650094,79.7818569249237,1189,0.1570681320154108,86.16545275462866,106.36554291636688,145.71084388281074,0.0125,0.5875
medium,0.16,0.1,rrtstar,,33,1,79.80526605744413,0.13902373074509367,79.80526605744414,1220,0.19541988399578258,90.92945015063532,119.75746587741996,152.20138567743095,0.055,0.745
medium,0.16,0.1,rrtstar,,34,1,80.552920954354,0.24646323521867508,80.552920954354,1215,0.24235559301450849,87.24398488384792,109.70393338331749,151.83867314977786,0.0275,0.565
medium,0.16,0.1,rrtstar,,35,1,79.30161380175653,1.8612864943385719,79.30161380175653,1223,0.24046523997094482,84.07893994980202,105.41594057459572,149.03529348698973,0.015,0.375
medium,0.16,0.1,rrtstar,,36,1,80.44400323850311,0.05913075346922536,80.44400323850313,1157,0.15414394496474415,89.25861754379386,113.4522573235693,148.59479652185613,0.03,0.68
medium,0.16,0.1,rrtstar,,37,1,80.31822391029014,0.16494595948069168,80.31822391029013,1166,0.2255385760217905,89.75418059842386,118.27547980721509,152.15893080961055,0.0475,0.625
medium,0.16,0.1,rrtstar,,38,1,80.97574533016996,0.09606777641144681,80.97574533016996,1259,0.17113184498157352,92.97243585170514,123.74081992832151,177.32500737948442,0.0725,0.7375
medium,0.16,0.1,rrtstar,,39,1,80.781198452832,0.014076705142426427,80.78119845283197,1147,0.1658101959619671,90.96819916993431,119.43675581220631,141.42083755121632,0.0525,0.6775
medium,0.16,0.1,rrtstar,,40,1,83.49793500948668,0.075657185613073,83.49793500948668,1068,0.23406753700692207,94.10861469047512,123.98351755798217,163.5842746509863,0.09,0.7175
medium,0.16,0.1,rrtstar,,41,1,80.30219539901066,0.05957026765749962,80.30219539901066,1206,0.3052665480063297,94.60659180825391,127.69387855730486,169.44208864527363,0.085,0.82
medium,0.16,0.1,rrtstar,,42,1,79.9567147990519,0.07059602010088373,79.95671479905187,1228,0.27149395004380494,87.90363650516299,112.83984541096893,167.26852402112613,0.025,0.64
medium,0.16,0.1,rrtstar,,43,1,80.45938076883891,0.45305996553687455,80.45938076883891,1175,0.2583237059880048,89.65827377504708,117.00130713881738,145.62970354846576,0.0475,0.675
medium,0.16,0.1,rrtstar,,44,1,79.6764647818221,0.775179092041594,79.67646478182209,1211,0.20103995804674923,86.74721301296177,110.75757725433853,129.81397352924984,0.02,0.56
medium,0.16,0.1,rrtstar,,45,1,80.71348450842976,0.11786725008390375,80.71348450842974,1190,0.20100827800342813,89.2478230621977,117.0947364659253,170.81479402403264,0.0425,0.6025
medium,0.16,0.1,rrtstar,,46,1,80.34328711963079,0.2170847308101549,80.34328711963082,1222,0.2019088399829343,89.13583315150598,114.25139583734943,145.65348023838206,0.03,0.6625
medium,0.16,0.1,rrtstar,,47,1,81.00769377084974,0.13257972488196068,81.00769377084977,1211,0.1644054899807088,89.27800269645324,116.19964088559345,146.7118156942107,0.0325,0.645
medium,0.16,0.1,rrtstar,,48,1,79.67428119690385,0.42295629225153153,79.67428119690386,1244,0.17134218203136697,89.54054808566579,117.98163155913939,174.20669494116112,0.05,0.675
medium,0.16,0.1,rrtstar,,49,1,80.20432034260497,0.447915901186986,80.20432034260497,1245,0.2506553819985129,85.88488621614833,104.54763266537533,149.06203512395365,0.0175,0.4625
medium,0.16,0.1,neutral,0.0,0,1,81.89890493620074,2.2359081058582264,86.20666274280924,1183,0.4276405909913592,85.24350356224515,99.6656210903028,128.82589665847033,0.01,0.3825
medium,0.16,0.1,neutral,0.0,1,1,81.47867906451754,1.028639659675977,86.31007904062363,1191,0.47821811196627095,86.09002281661887,101.7700994416854,140.37540607067473,0.01,0.5225
medium,0.16,0.1,neutral,0.0,2,1,80.29082226114276,0.33984983583126427,85.33017297208835,1185,0.3604074660106562,86.07990310497865,106.01960722442765,144.0526866276612,0.01,0.5775
medium,0.16,0.1,neutral,0.0,3,1,80.74876232504204,1.9147827001809983,82.93389314606002,1191,0.35287379496730864,84.03627536444182,98.23756535962843,126.41660092113582,0.0075,0.3875
medium,0.16,0.1,neutral,0.0,4,1,81.18378747555363,1.829940053976584,85.08760294879234,1217,0.32624100404791534,84.91339415146946,101.50315166057636,124.18020664063766,0.005,0.4175
medium,0.16,0.1,neutral,0.0,5,1,80.85727035286399,0.5783584603718164,86.74651606680462,1185,0.3252526049618609,88.06256591382127,110.74946187514982,147.87949148199635,0.035,0.595
medium,0.16,0.1,neutral,0.0,6,1,83.31164645578687,1.5183895244102725,87.80621404919104,1147,0.3347229870269075,88.96886650099945,107.51706689639332,148.43251393351815,0.0125,0.61
medium,0.16,0.1,neutral,0.0,7,1,82.65683318384444,0.36830078489731477,89.04603965624261,1133,0.2864447609754279,90.69334731484821,116.51979028347512,140.97553833058544,0.045,0.6775
medium,0.16,0.1,neutral,0.0,8,1,81.61153800651762,0.24867772973430813,89.95016253279306,1193,0.33038613898679614,87.77576348919489,102.94794889230393,205.5349034818293,0.01,0.6175
medium,0.16,0.1,neutral,0.0,9,1,80.52727096586841,0.761449224040907,85.70554774293683,1213,0.3746077269897796,85.90202744944013,105.58011559285386,141.12643324401847,0.0125,0.5525
medium,0.16,0.1,neutral,0.0,10,1,81.71889440749166,0.5133036708160019,88.00985988391264,1142,0.34513160202186555,87.69912849971723,107.52624069334227,145.06877478463878,0.02,0.58
medium,0.16,0.1,neutral,0.0,11,1,80.70921021286222,1.9458429193230176,83.81243468603324,1241,0.34120754402829334,83.97171705423014,95.69534684792846,136.29124086917392,0.0125,0.3375
medium,0.16,0.1,neutral,0.0,12,1,82.54920354156665,0.07076020303453578,89.87005925660692,1193,0.30823249398963526,90.48588021403981,113.50012066738337,142.81086490438085,0.0275,0.64
medium,0.16,0.1,neutral,0.0,13,1,82.67462538195237,1.4628421200546375,85.38022569485118,1226,0.3558263359591365,85.53290220692114,98.91209268961815,118.9842479163843,0.0025,0.375
medium,0.16,0.1,neutral,0.0,14,1,83.27090077734668,0.4994562662198976,90.30235902230784,1206,0.39407212898368016,89.98114311897292,113.38652047620276,140.05561467086056,0.0275,0.57
medium,0.16,0.1,neutral,0.0,15,1,81.54109836980376,2.217788835333095,85.54255202791522,1228,0.32092510600341484,85.82499631176148,104.35327211668918,121.03184111099445,0.0075,0.4475
medium,0.16,0.1,neutral,0.0,16,1,81.73431443423277,1.157516307085384,86.44997087193936,1261,0.3580006569973193,85.68488319300424,103.05457415483824,132.79080216782128,0.015,0.44
medium,0.16,0.1,neutral,0.0,17,1,81.77091250636336,0.8754431349887377,86.15396279055109,1245,0.32183887297287583,86.15703451469602,104.56281627702393,139.13450613195016,0.015,0.495
medium,0.16,0.1,neutral,0.0,18,1,80.82301127505885,0.24784439626780808,87.27916422730101,1245,0.4658037560293451,87.97260889440813,112.43929144040047,168.56626055155888,0.0375,0.6275
medium,0.16,0.1,neutral,0.0,19,1,81.892408585968,2.1396588955965417,84.91024602565697,1201,0.4246760359965265,85.1578714309876,100.39532156935705,123.22091223025627,0.0075,0.39
medium,0.16,0.1,neutral,0.0,20,1,82.02795705526299,1.0142585657764118,86.9500629284189,1149,0.3881337940110825,87.04416540101487,104.7791093312107,174.66716518427407,0.015,0.475
medium,0.16,0.1,neutral,0.0,21,1,80.02985145191347,1.970677277749093,82.34716143234778,1218,0.44074422895209864,82.41958261712995,92.99686037550497,121.97115164617664,0.005,0.365
medium,0.16,0.1,neutral,0.0,22,1,81.51768104851433,2.330266799608137,83.59143322363657,1156,0.502829713979736,84.52094571224895,98.11380651667695,143.70720245428402,0.0075,0.3025
medium,0.16,0.1,neutral,0.0,23,1,82.1739987734927,0.05344436117469398,88.53595271089479,1197,0.5111447810195386,89.25580919872398,111.26558142849956,151.76181044820407,0.0225,0.6025
medium,0.16,0.1,neutral,0.0,24,1,83.80957465543563,0.7911668655728761,90.93702287439336,1231,0.47488697594963014,91.81762801786543,114.90050301849789,138.39818982840035,0.0375,0.7175
medium,0.16,0.1,neutral,0.0,25,1,80.27101021119216,1.0666786229770269,86.80345757092633,1169,0.4561136709526181,86.39119741324932,109.05345378035646,146.12827256460554,0.0125,0.5775
medium,0.16,0.1,neutral,0.0,26,1,81.94313668880234,1.7203189464339952,86.08053590615084,1201,0.5069743880303577,85.23768115156834,98.24116935087795,139.55869409596644,0.005,0.44
medium,0.16,0.1,neutral,0.0,27,1,79.78829246096161,1.014886531491953,82.64172745410765,1247,0.5235270660487004,83.3147778905954,97.99732778274348,126.80333887553665,0.005,0.4525
medium,0.16,0.1,neutral,0.0,28,1,81.32360859739241,2.746109365840665,83.39483322318034,1255,0.5342391449958086,84.24413872146434,98.08454144963548,152.37427697792236,0.01,0.2975
medium,0.16,0.1,neutral,0.0,29,1,81.29559213871131,0.42021415188315303,87.19588277009807,1262,0.5813193760113791,87.67564437414578,108.60109586025607,168.56804437833148,0.0225,0.645
medium,0.16,0.1,neutral,0.0,30,1,80.69092573014117,0.34102604739462716,87.68366723730931,1196,0.31895029300358146,87.82650813522746,108.03093349446017,137.6780545723223,0.0225,0.6175
medium,0.16,0.1,neutral,0.0,31,1,83.58664930111564,1.7847264999728312,89.1948745469077,1168,0.31765170802827924,88.68110804471326,106.80878380422689,145.22340533192425,0.0175,0.53
medium,0.16,0.1,neutral,0.0,32,1,80.53531398258319,2.0159895476407215,84.45582925224642,1189,0.3424905890133232,84.9253637691296,102.63322794985069,142.37244872890727,0.02,0.425
medium,0.16,0.1,neutral,0.0,33,1,80.51132680677905,0.19171238780333688,88.39391369955965,1220,0.3134728499571793,88.74997728086015,114.60734224993652,191.39059423041795,0.04,0.725
medium,0.16,0.1,neutral,0.0,34,1,81.75665696735973,2.330947270021496,84.26216781496956,1215,0.5058090759557672,84.716610495038,96.93542442373735,128.8249011764886,0.01,0.395
medium,0.16,0.1,neutral,0.0,35,1,79.75834622262533,2.3237657225293598,82.45857793346057,1223,0.48577829299028963,82.6106576316867,96.7049490316972,129.64003486897158,0.0025,0.42
medium,0.16,0.1,neutral,0.0,36,1,82.26132933128878,0.62212993781894,88.44252447141285,1157,0.42892778397072107,87.35281844644604,104.72171604779442,121.9469071321482,0.005,0.5425
medium,0.16,0.1,neutral,0.0,37,1,81.61721580942721,1.6693087257950268,85.74442569223645,1166,0.4650465360027738,87.63648203319288,108.66504982054512,175.52776131932166,0.015,0.5675
medium,0.16,0.1,neutral,0.0,38,1,81.9210734264094,1.3352748760041946,87.43608280964794,1259,0.5254223990486935,87.29441095341855,107.064890583769,159.19960051392565,0.0075,0.55
medium,0.16,0.1,neutral,0.0,39,1,82.36352194838818,0.7098346953201347,89.44055737125878,1147,0.461405191977974,89.69056669351103,114.83720188545507,143.213376670123,0.03,0.6125
medium,0.16,0.1,neutral,0.0,40,1,85.96184676877698,1.1172506197132037,90.23474328750778,1068,0.40647473302669823,91.19971678690888,109.02149158225573,149.7934257673935,0.03,0.5425
medium,0.16,0.1,neutral,0.0,41,1,81.378937832942,0.05957026765749962,89.30124213430246,1206,0.5173333180136979,89.86822900091902,116.43794847393696,157.5178848725298,0.035,0.7225
medium,0.16,0.1,neutral,0.0,42,1,80.0309969437279,0.26681362204576153,86.88779571457587,1228,0.3202962669893168,86.86944361225389,106.76328142469683,134.3241778489535,0.025,0.62
medium,0.16,0.1,neutral,0.0,43,1,82.36538492507991,2.3571347947721506,84.8030774457263,1175,0.3098886940279044,84.87166953183896,98.07002744835249,147.39264636222947,0.005,0.325
medium,0.16,0.1,neutral,0.0,44,1,79.9811683939651,1.194613755275645,85.7264893612602,1211,0.3074770770035684,86.74438681223026,110.66068186756782,156.45504709763787,0.0225,0.6
medium,0.16,0.1,neutral,0.0,45,1,81.75842283603714,0.6321269318736453,89.39373425044532,1190,0.34708827000577,88.27891136958804,110.02274547359471,175.43783884424573,0.0125,0.6125
medium,0.16,0.1,neutral,0.0,46,1,80.98636173751049,1.9458178680551041,84.07882790201265,1222,0.34857148298760876,86.24940365994782,104.82624426598284,150.8333905988245,0.0275,0.505
medium,0.16,0.1,neutral,0.0,47,1,82.00714155097185,1.0155320653287863,88.04286209811967,1211,0.31247835903195664,87.25713695688034,106.10470459899275,148.46343734280785,0.0125,0.54
medium,0.16,0.1,neutral,0.0,48,1,80.09376434837571,1.3997313156881164,85.19448941330448,1244,0.3441165820113383,86.31404198151533,106.60391465271606,153.74202981901493,0.025,0.555
medium,0.16,0.1,neutral,0.0,49,1,81.47283703578032,2.2134576105108197,84.72533701752312,1245,0.3419688729918562,84.59118460543745,98.99851122838074,135.24824770048116,0.0025,0.365
medium,0.16,0.1,cvar0.1,0.1,0,1,81.89890493620074,2.2359081058582264,88.21220396910982,1183,0.7962963879690506,85.24350356224515,99.6656210903028,128.82589665847033,0.01,0.3825
medium,0.16,0.1,cvar0.1,0.1,1,1,81.47867906451754,1.028639659675977,88.37857643577863,1191,0.94201120903017,86.09002281661887,101.7700994416854,140.37540607067473,0.01,0.5225
medium,0.16,0.1,cvar0.1,0.1,2,1,80.28976442022014,0.33984983583126427,87.47406714539004,1185,0.8618228359846398,86.57926867559807,107.76410244912572,170.36706996474737,0.025,0.5325
medium,0.16,0.1,cvar0.1,0.1,3,1,81.04371697349586,2.379600321353478,84.74314189419636,1191,0.9555563519825228,84.84592967576108,104.10869206362037,148.15496088523741,0.015,0.3525
medium,0.16,0.1,cvar0.1,0.1,4,1,81.18378747555363,1.829940053976584,87.0870251159284,1217,0.6669715759926476,84.91339415146946,101.50315166057636,124.18020664063766,0.005,0.4175
medium,0.16,0.1,cvar0.1,0.1,5,1,80.85727035286402,0.5783584603718164,88.92422838958939,1185,0.6400678229983896,87.98425428413957,112.55602551107711,158.35683714653598,0.03,0.605
medium,0.16,0.1,cvar0.1,0.1,6,1,83.31164645578687,1.5183895244102725,89.8937296999806,1147,0.6086170140188187,88.96886650099945,107.51706689639332,148.43251393351815,0.0125,0.61
medium,0.16,0.1,cvar0.1,0.1,7,1,82.65683318384444,0.36830078489731477,91.3012759760468,1133,0.6938037740183063,90.69334731484821,116.51979028347512,140.97553833058544,0.045,0.6775
medium,0.16,0.1,cvar0.1,0.1,8,1,81.61153800651762,0.24867772973430813,92.41396424373471,1193,0.8636752169695683,87.83507913382898,105.21754471562973,140.6685323498367,0.0175,0.6325
medium,0.16,0.1,cvar0.1,0.1,9,1,80.52727096586841,0.761449224040907,87.77641628685059,1213,0.9262910839752294,85.38735481512231,100.40729126823575,117.7591173293271,0.0,0.5825
medium,0.16,0.1,cvar0.1,0.1,10,1,81.71889440749166,0.5133036708160019,90.28112267878456,1142,0.8419991949922405,87.69912849971723,107.52624069334227,145.06877478463878,0.02,0.58
medium,0.16,0.1,cvar0.1,0.1,11,1,80.7339888491894,1.9458429193230176,85.72449639735413,1241,0.8641683899913915,83.69600643039401,95.34523545608762,146.27540294723644,0.005,0.325
medium,0.16,0.1,cvar0.1,0.1,12,1,82.59283037943582,0.07076020303453578,92.2692857048043,1193,0.5872964429436252,91.2647261855337,118.34727826189646,163.4756823988298,0.0475,0.65
medium,0.16,0.1,cvar0.1,0.1,13,1,83.06801924295743,1.9789601735216227,87.28224482941062,1226,0.722585909999907,85.75583291570281,99.24463645881757,119.31027652320341,0.0025,0.3375
medium,0.16,0.1,cvar0.1,0.1,14,1,83.27090077734668,0.4994562662198976,92.69029830163853,1206,0.5905133850174025,89.98114311897292,113.38652047620276,140.05561467086056,0.0275,0.57
medium,0.16,0.1,cvar0.1,0.1,15,1,81.54109836980376,2.217788835333095,87.54325706540996,1228,0.6373193880426697,86.13233626084997,104.19080623707106,143.8169299267344,0.01,0.4775
medium,0.16,0.1,cvar0.1,0.1,16,1,81.76495830465424,1.157516307085384,88.53605610199384,1261,0.7770365719916299,85.58194173384308,102.47610963650229,155.49106940110332,0.01,0.48
medium,0.16,0.1,cvar0.1,0.1,17,1,81.9866159728868,0.8754431349887377,88.25178890486104,1245,0.6556981870089658,86.26890875305045,105.10800167525007,138.74511136420006,0.0125,0.4725
medium,0.16,0.1,cvar0.1,0.1,18,1,81.14257067321914,0.24784439626780808,89.38732158041755,1245,0.7424687820021063,87.99846581089786,109.02166507131156,134.06067400456465,0.0225,0.61
medium,0.16,0.1,cvar0.1,0.1,19,1,81.98452256323328,2.1396588955965417,86.86880881968096,1201,0.6118372910423204,85.16594767512787,100.29812998391118,123.33152292201562,0.0075,0.3875
medium,0.16,0.1,cvar0.1,0.1,20,1,82.02795705526299,1.0142585657764118,89.05096705058293,1149,0.8727090029860847,87.04416540101487,104.7791093312107,174.66716518427407,0.015,0.475
medium,0.16,0.1,cvar0.1,0.1,21,1,80.02985145191347,1.970677277749093,84.1968034526432,1218,0.9933681040420197,82.41958261712995,92.99686037550497,121.97115164617664,0.005,0.365
medium,0.16,0.1,cvar0.1,0.1,22,1,81.38794929299036,2.330266799608137,85.4417795077471,1156,0.8793290159665048,84.00265215036514,97.0219060483716,143.2427917796398,0.005,0.29
medium,0.16,0.1,cvar0.1,0.1,23,1,82.1739987734927,0.05344436117469398,90.80018345509743,1197,0.6922762379981577,89.25580919872398,111.26558142849956,151.76181044820407,0.0225,0.6025
medium,0.16,0.1,cvar0.1,0.1,24,1,84.13058655830478,0.7911668655728761,93.33634484537558,1231,0.6034662080346607,91.38116038609056,112.92155790522195,166.60401126776605,0.0375,0.66
medium,0.16,0.1,cvar0.1,0.1,25,1,80.27101021119216,1.0666786229770269,89.05696843790878,1169,0.5641483290237375,86.39119741324932,109.05345378035646,146.12827256460554,0.0125,0.5775
medium,0.16,0.1,cvar0.1,0.1,26,1,81.92812285355946,1.7203189464339952,88.04769942017363,1201,0.6814599530189298,85.20957973385768,98.38908538211169,139.43722055688926,0.005,0.435
medium,0.16,0.1,cvar0.1,0.1,27,1,79.7882924609616,1.014886531491953,84.51311157861821,1247,0.7302427929826081,83.26275033075387,98.65330013244275,126.62959000395765,0.005,0.425
medium,0.16,0.1,cvar0.1,0.1,28,1,81.32360859739241,2.746109365840665,85.21100582730492,1255,0.7676377969910391,84.24413872146434,98.08454144963548,152.37427697792236,0.01,0.2975
medium,0.16,0.1,cvar0.1,0.1,29,1,81.40411763831654,0.7725027043849899,89.3574360734881,1262,0.6263894970179535,87.43148243474167,111.25338990862465,155.82419683362002,0.0175,0.5625
medium,0.16,0.1,cvar0.1,0.1,30,1,80.77534225134676,0.34102604739462716,90.05418198774929,1196,0.5876827929751016,88.13625946819387,108.02719367402577,134.08858349626732,0.02,0.6525
medium,0.16,0.1,cvar0.1,0.1,31,1,83.61822290364645,1.7059168070913842,91.48390739652903,1168,0.5517574170371518,89.12209890544248,105.88450738515867,163.2145413146613,0.015,0.6
medium,0.16,0.1,cvar0.1,0.1,32,1,80.53531398258319,2.0159895476407215,86.49284864976063,1189,0.8925111939897761,84.9253637691296,102.63322794985069,142.37244872890727,0.02,0.425
medium,0.16,0.1,cvar0.1,0.1,33,1,80.95228718414147,0.19171238780333688,91.03379286519905,1220,0.9133613349986263,89.23121864616952,115.33627673062692,154.7219371576827,0.0375,0.6675
medium,0.16,0.1,cvar0.1,0.1,34,1,81.75665696735973,2.330947270021496,86.23468559205052,1215,0.9454300319775939,84.716610495038,96.93542442373735,128.8249011764886,0.01,0.395
medium,0.16,0.1,cvar0.1,0.1,35,1,80.2580899006235,2.3237657225293598,84.29459954616891,1223,0.8738928909879178,82.6345378514002,95.6435772830908,116.66823335139607,0.0,0.3475
medium,0.16,0.1,cvar0.1,0.1,36,1,82.71743231818385,0.62212993781894,90.75696667223356,1157,0.7944265829864889,88.48722549398326,110.61203544354252,143.15615642968203,0.0225,0.525
medium,0.16,0.1,cvar0.1,0.1,37,1,81.61721580942721,1.6693087257950268,87.77540451394087,1166,0.8703733690199442,87.63648203319288,108.66504982054512,175.52776131932166,0.015,0.5675
medium,0.16,0.1,cvar0.1,0.1,38,1,81.9210734264094,1.3352748760041946,89.60547236911646,1259,0.9420583680039272,86.90037750930242,105.62124025819371,141.4257819307915,0.0125,0.5275
medium,0.16,0.1,cvar0.1,0.1,39,1,82.56381718468731,0.7098346953201347,91.79653481790332,1147,0.7614731140201911,89.54585483700964,112.94816494791861,146.77522035465478,0.03,0.5975
medium,0.16,0.1,cvar0.1,0.1,40,1,85.96184676877698,1.1172506197132037,92.3999234638548,1068,0.766093797981739,91.19971678690888,109.02149158225573,149.7934257673935,0.03,0.5425
medium,0.16,0.1,cvar0.1,0.1,41,1,81.378937832942,0.05957026765749962,91.81122363078913,1206,0.7503241800004616,90.19290763416488,114.63404138518582,154.612414012593,0.03,0.7375
medium,0.16,0.1,cvar0.1,0.1,42,1,80.47189294385794,0.7623855639764656,89.20069765275991,1228,0.7317379390005954,87.45076808866023,107.64229925356332,142.43785653507888,0.0225,0.6975
medium,0.16,0.1,cvar0.1,0.1,43,1,82.36538492507991,2.3571347947721506,86.6868387602893,1175,0.5131850670441054,85.69031136540096,99.93551523235337,146.49876062338737,0.0125,0.325
medium,0.16,0.1,cvar0.1,0.1,44,1,79.9811683939651,1.194613755275645,87.98634022974429,1211,0.6579641210264526,86.74438681223026,110.66068186756782,156.45504709763787,0.0225,0.6
medium,0.16,0.1,cvar0.1,0.1,45,1,82.08535268362927,0.451211690696101,91.8253634736754,1190,0.6304600320290774,88.12776295442629,107.67383556932096,135.80652681947265,0.015,0.6075
medium,0.16,0.1,cvar0.1,0.1,46,1,81.17728503698962,2.3080298757869198,86.00175126638145,1222,0.6174167569843121,85.5500416887141,102.70642541544528,141.1902614895744,0.0175,0.455
medium,0.16,0.1,cvar0.1,0.1,47,1,82.00714155097185,1.0155320653287863,90.31653131475002,1211,0.8674612340400927,87.25713695688034,106.10470459899275,148.46343734280785,0.0125,0.54
medium,0.16,0.1,cvar0.1,0.1,48,1,80.2451431621886,1.3997313156881164,87.22409629561183,1244,0.7879794359905645,86.35318291369992,107.83665762327065,149.24847585222543,0.02,0.525
medium,0.16,0.1,cvar0.1,0.1,49,1,81.47283703578032,2.2134576105108197,86.70043080426987,1245,0.7320310929790139,84.59118460543745,98.99851122838074,135.24824770048116,0.0025,0.365
medium,0.16,0.1,cvar0.5,0.5,0,1,83.12604718834297,2.288663481172331,97.1481185803939,1183,0.7817204250022769,86.53366408105947,101.01998192156391,144.28385173443993,0.01,0.3925
medium,0.16,0.1,cvar0.5,0.5,1,1,81.52685383228614,1.028639659675977,97.40470165386981,1191,1.0308748100069351,86.30883579722914,101.5240458585235,123.88058905522261,0.0025,0.5875
medium,0.16,0.1,cvar0.5,0.5,2,1,80.28379834566721,0.3271509871754086,96.89604854745502,1185,0.8773528410238214,86.25036649800788,106.34796808126006,124.06315110451239,0.0175,0.5825
medium,0.16,0.1,cvar0.5,0.5,3,1,81.23917092127233,2.583840660398393,91.54379915015907,1191,0.9470485699712299,84.6145607978871,102.9018430216524,145.6643172706383,0.015,0.365
medium,0.16,0.1,cvar0.5,0.5,4,1,81.58757354157845,1.829940053976584,95.0914431839087,1217,0.9159175969543867,85.18665023622184,99.37349479084787,148.67192656119417,0.0075,0.4125
medium,0.16,0.1,cvar0.5,0.5,5,1,83.5588774612286,1.4005454910849853,97.63381345559827,1185,0.9446602060343139,88.08946571008484,107.97361804813481,146.1428446275288,0.0125,0.47
medium,0.16,0.1,cvar0.5,0.5,6,1,84.67606942241864,2.0510085889514063,98.71503697800156,1147,0.9188265750417486,89.48334829521231,107.04388295736311,168.75393225446464,0.0175,0.5325
medium,0.16,0.1,cvar0.5,0.5,7,1,88.20804028579781,2.4809540307677924,101.04175601001282,1133,0.9064346720115282,93.26715069752105,113.76714234317132,149.06301347785075,0.0325,0.4525
medium,0.16,0.1,cvar0.5,0.5,8,1,84.68548786120422,2.025221542175567,102.76842032872354,1193,0.9812787030241452,88.52486451774554,104.98880846672519,130.905254523329,0.0075,0.4575
medium,0.16,0.1,cvar0.5,0.5,9,1,81.114864346195,1.3595196181065532,96.69373279067179,1213,1.0102320209844038,85.24211790061399,102.19896387592937,127.02789074046339,0.0075,0.505
medium,0.16,0.1,cvar0.5,0.5,10,1,82.66040845559522,1.0141404140717456,100.11212361016389,1142,0.8756052579847164,88.67450694959018,108.36738272488454,143.5704935285369,0.0225,0.535
medium,0.16,0.1,cvar0.5,0.5,11,1,81.11966149992361,1.9458429193230176,93.18851397825468,1241,1.0098535050055943,84.00663746333561,96.09883546306166,124.24460211467319,0.005,0.345
medium,0.16,0.1,cvar0.5,0.5,12,1,87.83426940244274,1.6835256789392599,103.22872483190615,1193,0.9283777989912778,93.70512571726937,117.6752946725348,168.3403717748047,0.0425,0.4975
medium,0.16,0.1,cvar0.5,0.5,13,1,83.79632040372991,3.129056785749034,94.1878743225955,1226,1.0139442979707383,85.66905191685026,95.37825893684649,126.25848684916085,0.005,0.26
medium,0.16,0.1,cvar0.5,0.5,14,1,83.77592304724772,0.4994562662198976,103.09714620085089,1206,0.8964190810220316,90.9182170036824,116.03433000608753,159.64085459492534,0.04,0.6025
medium,0.16,0.1,cvar0.5,0.5,15,1,81.80687411405854,2.217788835333095,95.64821396570726,1228,0.9494287399575114,86.07684535308698,99.87039041736632,163.11900180864683,0.005,0.48
medium,0.16,0.1,cvar0.5,0.5,16,1,85.03956664720758,2.9327194709327062,97.53295010562559,1261,0.9824052130570635,87.4899321297295,101.69723856996224,121.8981752818532,0.0025,0.29
medium,0.16,0.1,cvar0.5,0.5,17,1,82.77720748112584,0.5651393164959111,97.41632644621089,1245,0.7924345179926604,86.43460094209084,99.75384505856645,138.4589370796411,0.005,0.49
medium,0.16,0.1,cvar0.5,0.5,18,1,84.16129382653517,2.145978363171925,97.38722880224101,1245,0.7418676259694621,87.75088791012968,103.23064480766621,132.57616965033998,0.005,0.42
medium,0.16,0.1,cvar0.5,0.5,19,1,82.81263178894545,3.0881885396167927,94.12882521846586,1201,0.6436637100414373,85.12936670983957,98.51496946890374,142.58344254813062,0.005,0.295
medium,0.16,0.1,cvar0.5,0.5,20,1,83.07692491790377,0.9443719936660435,98.47043367867822,1149,0.6305470659863204,87.47829977737136,104.34062537204855,168.2185555529538,0.0125,0.45
medium,0.16,0.1,cvar0.5,0.5,21,1,80.47841283558388,2.64714643905409,90.90055461525145,1218,0.6817312549683265,82.43674559181312,91.19410220862225,129.16270199468698,0.005,0.2875
medium,0.16,0.1,cvar0.5,0.5,22,1,81.50881418314181,2.330266799608137,91.97844892585485,1156,0.6567547539598309,84.57478924040686,100.93401898625882,119.00403655454582,0.0025,0.3125
medium,0.16,0.1,cvar0.5,0.5,23,1,84.5588811497181,1.147636613073526,100.77198368317791,1197,0.6750241980189458,90.1953795251346,110.72888128771149,140.13254233552158,0.0225,0.52
medium,0.16,0.1,cvar0.5,0.5,24,1,86.52067920152408,1.755207210079106,103.17128786942871,1231,0.6802446549991146,91.67699918688493,111.95560171363692,142.93739741929127,0.0225,0.5475
medium,0.16,0.1,cvar0.5,0.5,25,1,81.04816735702656,1.3049206311224912,99.33036484126586,1169,0.6842604159610346,87.37149635967702,109.22618070250954,142.3825591996137,0.0225,0.5275
medium,0.16,0.1,cvar0.5,0.5,26,1,82.64253540157256,2.3898893288306677,96.23184532231198,1201,0.7286580170039088,85.58738299813238,98.50228861888871,135.15954667116426,0.0025,0.3675
medium,0.16,0.1,cvar0.5,0.5,27,1,80.12670968083056,1.5616399831639856,91.48275429789513,1247,0.7332012939732522,83.55365466513969,100.53602942581173,133.77273044538248,0.02,0.3425
medium,0.16,0.1,cvar0.5,0.5,28,1,81.5036507738583,3.293906425404429,91.70190925022881,1255,0.7183483489789069,84.3536848905156,97.82015305071658,154.695210533458,0.01,0.2725
medium,0.16,0.1,cvar0.5,0.5,29,1,81.36001948567488,0.7725027043849899,99.02683079806548,1262,0.7815094169927761,87.36923231411058,111.23795009297024,155.7317289430327,0.0175,0.565
medium,0.16,0.1,cvar0.5,0.5,30,1,80.96763226302225,0.34102604739462716,100.72437755971403,1196,0.7147781309904531,88.55123351090235,111.70087585523171,146.19007580182006,0.0275,0.6675
medium,0.16,0.1,cvar0.5,0.5,31,1,85.34408861948617,1.7420592286639671,100.15269501239005,1168,0.6978161190054379,89.97362728112023,109.83137416204531,152.77286104020004,0.0225,0.36
medium,0.16,0.1,cvar0.5,0.5,32,1,81.14284737873632,2.5774151443741715,94.31820612413865,1189,0.7062323170248419,84.73871926971329,101.87003225811601,134.3341020067905,0.0125,0.385
medium,0.16,0.1,cvar0.5,0.5,33,1,84.32530382808991,1.6439487310137038,101.47661334598205,1220,0.9242520200205036,89.66214982416881,111.17903943921588,179.79350633058684,0.035,0.4975
medium,0.16,0.1,cvar0.5,0.5,34,1,82.55685923506383,3.033982381470607,93.40114757802057,1215,1.0480860330280848,84.71533334025371,96.04546247626774,126.28203468509805,0.0025,0.2875
medium,0.16,0.1,cvar0.5,0.5,35,1,80.52179477901268,2.3237657225293598,91.15275595324036,1223,0.9671895509818569,82.9648458842319,97.07574615783297,130.0114751897641,0.0025,0.31
medium,0.16,0.1,cvar0.5,0.5,36,1,85.54494947413247,1.6149435261129899,100.1170035244147,1157,0.9025754169560969,89.46423990954696,105.57817234718972,155.85117711450752,0.015,0.4175
medium,0.16,0.1,cvar0.5,0.5,37,1,81.6472871621228,1.718661233164755,95.65862374934999,1166,0.6111563430167735,86.89148043562473,107.53490887352962,133.04356707810624,0.0075,0.5475
medium,0.16,0.1,cvar0.5,0.5,38,1,82.19375351557488,1.3352748760041946,99.04054158369102,1259,0.7012950549833477,86.92583833117176,105.56483806608819,142.917884908507,0.01,0.525
medium,0.16,0.1,cvar0.5,0.5,39,1,83.8404778591445,0.7098346953201347,102.30079835599045,1147,0.6061914690071717,90.69822674871857,113.47538512913756,152.89937903643278,0.04,0.52
medium,0.16,0.1,cvar0.5,0.5,40,1,86.12670913223641,1.3628035678434385,101.4708926635063,1068,0.6117194280377589,91.25489775689124,110.11738023608548,149.582297280275,0.03,0.5425
medium,0.16,0.1,cvar0.5,0.5,41,1,86.47882521813317,0.9375401108983397,101.00225724453557,1206,0.8256949569913559,90.92393835796285,110.58210191717735,160.75918488108363,0.025,0.435
medium,0.16,0.1,cvar0.5,0.5,42,1,80.97257389376256,0.8605141596282593,99.31096345355635,1228,0.7094094129861332,87.44738941373416,104.63934637034471,143.1616566111715,0.015,0.665
medium,0.16,0.1,cvar0.5,0.5,43,1,82.65727249624307,2.3571347947721506,93.66473932174851,1175,0.6951198430033401,85.26536643365617,99.27985437152287,163.82458889020037,0.005,0.315
medium,0.16,0.1,cvar0.5,0.5,44,1,80.0272487931784,1.194613755275645,97.91499219355585,1211,0.7539806819986552,86.60787442849156,109.53128197628604,156.4703104278655,0.0225,0.595
medium,0.16,0.1,cvar0.5,0.5,45,1,82.62473485361345,0.451211690696101,102.68421838912958,1190,0.7381760369753465,88.54075923688143,108.3968197293656,145.5063243558949,0.025,0.595
medium,0.16,0.1,cvar0.5,0.5,46,1,81.21271779015373,2.324511211395923,93.3055451477238,1222,0.6631412260467187,85.765989703136,108.82638651911559,149.21297114092613,0.02,0.4225
medium,0.16,0.1,cvar0.5,0.5,47,1,82.00764200463232,1.0155320653287863,100.47838317515891,1211,0.668343770026695,87.2259192018083,106.50557843938873,153.40051077529466,0.0125,0.585
medium,0.16,0.1,cvar0.5,0.5,48,1,81.90490297591735,1.8566431304585567,96.18049005888383,1244,0.7280436760047451,87.01785698158326,104.90190410470227,145.94853330954092,0.0125,0.55
medium,0.16,0.1,cvar0.5,0.5,49,1,82.56771556891097,2.7509474873128923,94.10539026449555,1245,0.6892374139861204,85.17299876928573,96.32750964893077,160.5864503964274,0.0125,0.3
medium,0.16,0.1,cvar0.9,0.9,0,1,85.55731475110525,3.281095354522826,128.96926429712735,1183,0.8780713289743289,88.30471632055084,102.13614329312931,127.81480711875999,0.005,0.3225
medium,0.16,0.1,cvar0.9,0.9,1,1,85.99425555939625,2.126423949544579,131.5790702389883,1191,0.8480787070002407,89.94336505016301,106.2173925139685,147.77638000493468,0.02,0.4075
medium,0.16,0.1,cvar0.9,0.9,2,1,88.73622643303585,3.4150831928190613,126.34741369260955,1185,0.879379301040899,91.42918986471925,104.35705042107907,134.61542876775172,0.01,0.335
medium,0.16,0.1,cvar0.9,0.9,3,1,83.40287345929828,3.6027247691702744,112.56831945926751,1191,0.7884740919689648,86.02717956036447,98.092969886883,128.60338377555263,0.0075,0.325
medium,0.16,0.1,cvar0.9,0.9,4,1,85.26910611162515,2.7517526779199177,124.83930126054918,1217,0.9696791970054619,87.83347722202647,100.37426813514833,147.35162171077928,0.01,0.3
medium,0.16,0.1,cvar0.9,0.9,5,1,87.0321056707251,1.7960076986813327,126.39220604100433,1185,0.7524002139689401,90.22147887645947,103.66618913733355,136.55978382050063,0.005,0.4275
medium,0.16,0.1,cvar0.9,0.9,6,1,87.65775423115494,2.0510085889514063,130.8225722086512,1147,0.6222707920242101,91.79532071192489,109.66697097386704,156.4497981476601,0.03,0.44
medium,0.16,0.1,cvar0.9,0.9,7,1,88.91692215000174,2.4809540307677924,130.2632434946787,1133,0.837669170985464,92.4263442061463,105.09796751520656,134.63265063988592,0.015,0.44
medium,0.16,0.1,cvar0.9,0.9,8,1,86.09383590770021,2.025221542175567,154.23644868839403,1193,0.9336886879755184,89.34920322610316,99.72889384241934,123.51464753653431,0.005,0.475
medium,0.16,0.1,cvar0.9,0.9,9,1,83.57489167890678,1.655218071283013,134.302824955926,1213,0.7647223050007597,88.00282253845494,109.98244609428104,138.24368995007387,0.02,0.42
medium,0.16,0.1,cvar0.9,0.9,10,1,88.39388289166509,2.108865213804494,136.8985691908883,1142,0.8065192109788768,92.75036280673568,110.68526867884225,151.93625860876313,0.025,0.4825
medium,0.16,0.1,cvar0.9,0.9,11,1,81.44669742313059,1.9458429193230176,120.33766118033654,1241,0.8170159510336816,84.50591766787434,97.59285055600817,134.464365850821,0.01,0.385
medium,0.16,0.1,cvar0.9,0.9,12,1,92.06086713315905,2.3295145593084343,134.11703104371554,1193,0.9036264140158892,95.42523730179126,110.49855183333655,144.819215336578,0.0225,0.3975
medium,0.16,0.1,cvar0.9,0.9,13,1,85.93619632221592,4.0,113.70271397753986,1226,0.8835112419910729,87.43750496415602,97.22851265404773,122.62911249634979,0.005,0.185
medium,0.16,0.1,cvar0.9,0.9,14,1,87.64150424258388,0.45404740158005286,149.01934888549798,1206,0.6840688840020448,92.49506728794164,108.50138061907863,143.4881116123358,0.0125,0.6325
medium,0.16,0.1,cvar0.9,0.9,15,1,87.64246291717991,2.8785921309366884,126.59197002255847,1228,0.7461433669668622,91.29536735088193,108.07833832696691,160.49022677271134,0.0225,0.3575
medium,0.16,0.1,cvar0.9,0.9,16,1,87.97870978777412,4.0,122.04626308578636,1261,0.9597357719903812,89.93509485134128,100.98258482918327,137.72313622456142,0.005,0.25
medium,0.16,0.1,cvar0.9,0.9,17,1,89.1123774968346,2.95730233833848,127.93480849630666,1245,0.917066738998983,91.77832668938183,105.8903969442222,139.22797449492302,0.0175,0.27
medium,0.16,0.1,cvar0.9,0.9,18,1,86.86532876465633,2.6099284782519963,125.9236444703676,1245,0.8361491770483553,89.16852103217182,99.85636871104902,148.22395076013137,0.01,0.32
medium,0.16,0.1,cvar0.9,0.9,19,1,84.4301311408952,3.3117576480661732,118.19895472364644,1201,0.6413764570024796,86.30750916451025,96.36893664193593,131.9855594701912,0.0025,0.2725
medium,0.16,0.1,cvar0.9,0.9,20,1,85.51549097830308,0.9443719936660435,134.31874725081585,1149,0.751487408997491,89.17078019415555,102.67540435773101,135.35423796604823,0.01,0.475
medium,0.16,0.1,cvar0.9,0.9,21,1,81.79421522830181,4.0,111.04382904031736,1218,0.9314609870198183,83.40866427276589,89.82924207383662,139.4319183068578,0.0025,0.2575
medium,0.16,0.1,cvar0.9,0.9,22,1,82.20035740690096,2.330266799608137,112.339342215232,1156,0.9466164339683019,84.20229832818846,94.45099384242867,114.95423370278058,0.0,0.31
medium,0.16,0.1,cvar0.9,0.9,23,1,88.4755813079867,1.147636613073526,139.945023243117,1197,0.9491975330165587,92.46150006818647,110.13192795774424,125.94420737898808,0.02,0.4875
medium,0.16,0.1,cvar0.9,0.9,24,1,90.93514259972378,1.8668694778724246,140.59163311611198,1231,0.9405417320085689,94.64793881766171,108.72786548198597,136.17312449544139,0.0175,0.39
medium,0.16,0.1,cvar0.9,0.9,25,1,89.38707766236827,1.3049206311224912,137.7627841894676,1169,0.9053372379858047,93.0503307200868,109.89311793071926,154.1668653462073,0.02,0.4425
medium,0.16,0.1,cvar0.9,0.9,26,1,84.54104936759481,2.7546497814239572,128.30823310913462,1201,0.8594873910187744,87.31902338817606,104.12463484601702,142.64968543127915,0.0175,0.3225
medium,0.16,0.1,cvar0.9,0.9,27,1,82.97431377718738,2.7765609140957848,111.98077244237697,1247,0.7445961330085993,84.51211198780507,92.79518333705626,108.4787300381524,0.0,0.2825
medium,0.16,0.1,cvar0.9,0.9,28,1,83.84644442302158,4.0,111.33249412801699,1255,0.7106552370241843,85.6767907842587,96.44588657473123,122.9037466994802,0.0025,0.2225
medium,0.16,0.1,cvar0.9,0.9,29,1,87.12053205332549,0.7725027043849899,136.33458851201422,1262,1.0395806159940548,91.11835586456942,107.65005402780426,157.36308182135494,0.0175,0.4875
medium,0.16,0.1,cvar0.9,0.9,30,1,91.52868861657083,1.1624436424046576,155.65723142840295,1196,0.8398043170454912,96.88715834241994,114.90602029070541,149.07632503098765,0.0325,0.56
medium,0.16,0.1,cvar0.9,0.9,31,1,87.99082965437862,2.2675910931158896,136.48874133618145,1168,0.6686698760022409,91.24992092311297,106.75445177307635,124.52861467230126,0.0125,0.3725
medium,0.16,0.1,cvar0.9,0.9,32,1,82.3136953921778,2.7179350696746325,124.50026291311165,1189,0.7081421170150861,85.54181841179484,99.22705318760333,148.94960190434614,0.005,0.4075
medium,0.16,0.1,cvar0.9,0.9,33,1,86.96575643995409,1.87975033831259,147.93184284958252,1220,0.5752208879566751,90.25002268393783,104.61607936136906,126.0717169082088,0.005,0.4875
medium,0.16,0.1,cvar0.9,0.9,34,1,85.3824443089847,3.6381065650196387,115.27419887702662,1215,0.6415773060289212,86.96622945017855,97.62796116175902,115.90223674867475,0.0,0.2075
medium,0.16,0.1,cvar0.9,0.9,35,1,82.18762244036063,2.7025928535916846,108.7670996820716,1223,0.8678693050169386,84.03645970825026,93.51499336930141,138.06965802778907,0.01,0.29
medium,0.16,0.1,cvar0.9,0.9,36,1,86.44857632448661,1.808982789281949,135.14072945403464,1157,0.5920666200108826,90.61468899868454,107.26479805641634,143.18435190254752,0.025,0.425
medium,0.16,0.1,cvar0.9,0.9,37,1,87.8064820771701,2.104263538043261,126.09922857308442,1166,0.6326423569698818,91.73575146215872,108.74461642489092,142.63910476525194,0.0225,0.4375
medium,0.16,0.1,cvar0.9,0.9,38,1,84.79269648510837,1.9787987665980507,140.4566780498832,1259,0.7585007759626023,88.21943883126256,104.96848657929695,128.9101868888968,0.0125,0.4125
medium,0.16,0.1,cvar0.9,0.9,39,1,87.2416825155722,1.264163903581263,147.88735893127466,1147,0.6907758809975348,92.76790147334928,110.57143181323059,141.22994370551777,0.02,0.5075
medium,0.16,0.1,cvar0.9,0.9,40,1,90.61142798302163,1.6445609150021756,138.40892443139373,1068,0.5846658310038038,95.19830337173768,111.9890684157056,155.78965451311376,0.0225,0.53
medium,0.16,0.1,cvar0.9,0.9,41,1,87.74126313061367,0.9444575859644986,135.38134603169684,1206,0.6773050989722833,91.17980386825016,104.44193754816298,162.00660190279055,0.01,0.455
medium,0.16,0.1,cvar0.9,0.9,42,1,88.92076667929905,2.5324141431067164,138.3798239565696,1228,0.6713785559986718,92.87175950182585,108.37264691919647,164.6074146077405,0.0225,0.35
medium,0.16,0.1,cvar0.9,0.9,43,1,85.40820733866467,2.885637645284791,116.87227651641064,1175,0.7031972800032236,87.5778738584042,99.5421992053883,132.52122646185146,0.005,0.245
medium,0.16,0.1,cvar0.9,0.9,44,1,84.17956315137198,1.1570946046978072,137.75078222594388,1211,1.0080771979992278,88.39646902541733,102.56341367628997,141.97381634856396,0.0125,0.5725
medium,0.16,0.1,cvar0.9,0.9,45,1,92.99325347172018,3.2179238847608747,153.1672666399309,1190,0.8255160989938304,96.53126251835285,111.50010547052273,151.53795803001216,0.025,0.4
medium,0.16,0.1,cvar0.9,0.9,46,1,83.64397492212898,3.160164203921714,116.06784663789836,1222,0.8271538940025494,86.79574120315512,101.9114961565986,158.16649597065856,0.015,0.3025
medium,0.16,0.1,cvar0.9,0.9,47,1,91.46638283139845,2.8208201523060987,144.71502205819587,1211,0.7687457510037348,94.4709638534518,108.51421360238085,130.46855169246086,0.0175,0.4
medium,0.16,0.1,cvar0.9,0.9,48,1,84.98457274510541,2.0093088938390142,127.94290541538555,1244,0.8498237749445252,89.04480304813409,107.93938548463238,176.09904054947106,0.01,0.4625
medium,0.16,0.1,cvar0.9,0.9,49,1,83.5564209887669,2.7509474873128923,119.78495246198905,1245,0.9321557600051165,85.8141156707435,95.97937167574992,140.23616853261925,0.0125,0.2875
medium,0.16,0.5,rrtstar,,0,1,80.5625313909114,0.1756301702739016,80.5625313909114,1183,0.24359908298356459,111.69425195648557,217.48530995912802,446.36469660422324,0.28,0.4875
medium,0.16,0.5,rrtstar,,1,1,80.2783838347287,0.17586635269133888,80.2783838347287,1191,0.2527426870074123,119.25574526116834,242.58154553737742,508.98303596693387,0.3425,0.565
medium,0.16,0.5,rrtstar,,2,1,79.79914771711881,0.33984983583126427,79.7991477171188,1185,0.17748335096985102,121.73696843438425,250.54384185183372,503.0595631042086,0.355,0.5725
medium,0.16,0.5,rrtstar,,3,1,79.96095803817926,0.15769470043003198,79.96095803817926,1191,0.16405289398971945,108.16345573958978,210.52940135545285,482.7904950283656,0.23,0.485
medium,0.16,0.5,rrtstar,,4,1,80.15760351423195,0.1059374230087573,80.15760351423195,1217,0.15960983600234613,116.35811214868806,253.13004555562352,392.9542263187915,0.295,0.54
medium,0.16,0.5,rrtstar,,5,1,80.15691784007424,0.6151072594567273,80.15691784007427,1185,0.17122118396218866,125.90116782367788,249.1045494947024,381.2032088123281,0.3875,0.6225
medium,0.16,0.5,rrtstar,,6,1,81.6047420431728,0.44986202232787686,81.6047420431728,1147,0.15369846200337633,132.66508728151462,279.7635291100146,586.8394185210735,0.3825,0.635
medium,0.16,0.5,rrtstar,,7,1,81.53290779954216,0.0031465265426089406,81.53290779954216,1133,0.14745250600390136,144.49664357586138,289.9360962342442,525.8998591877643,0.51,0.7725
medium,0.16,0.5,rrtstar,,8,1,80.96612045021246,0.12632652100764097,80.96612045021246,1193,0.1810263780062087,129.12421820904052,261.05426136985125,585.4080091142336,0.3975,0.6925
medium,0.16,0.5,rrtstar,,9,1,79.89581930903198,0.4387792260001957,79.895819309032,1213,0.16165542299859226,116.43192280811313,229.39198848002317,408.23202375491366,0.2925,0.5175
medium,0.16,0.5,rrtstar,,10,1,80.41021645463837,0.42767718090318496,80.41021645463836,1142,0.16176389798056334,140.4309910873682,309.24149566826867,579.0711762273089,0.4575,0.7175
medium,0.16,0.5,rrtstar,,11,1,79.7275401252344,0.38741030662022147,79.7275401252344,1241,0.16254344099434093,114.98744341376837,227.91734342222432,402.3801179322912,0.2975,0.5725
medium,0.16,0.5,rrtstar,,12,1,80.88096906108535,0.07076020303453578,80.88096906108537,1193,0.1727127429912798,141.77888967489184,307.76148714114714,860.4375684273507,0.495,0.7475
medium,0.16,0.5,rrtstar,,13,1,80.80201256797274,0.6235607671958405,80.80201256797272,1226,0.15969950600992888,128.3471844792046,270.52035594781086,540.7999654881622,0.3925,0.6325
medium,0.16,0.5,rrtstar,,14,1,82.0255913970532,0.009427876741022079,82.0255913970532,1206,0.1631913660094142,141.67191619258952,274.3043015635032,461.96287060673103,0.5175,0.7825
medium,0.16,0.5,rrtstar,,15,1,79.86964728525486,0.32575741700509275,79.86964728525486,1228,0.18259818898513913,125.685234020571,237.94655061229147,396.67599927953836,0.4025,0.7325
medium,0.16,0.5,rrtstar,,16,1,79.80909630412506,0.26838780820218533,79.80909630412505,1261,0.17347733897622675,124.60885441261247,258.1872254714007,557.7631112270483,0.3725,0.61
medium,0.16,0.5,rrtstar,,17,1,79.58653794637529,0.058606128473710495,79.58653794637527,1245,0.20587561797583476,128.04690826490662,280.9126279625108,698.1778228031183,0.3625,0.6525
medium,0.16,0.5,rrtstar,,18,1,80.53550339748429,0.24784439626780808,80.53550339748426,1245,0.17855141998734325,132.06854448717888,287.40163697301097,644.9170116577521,0.39,0.6475
medium,0.16,0.5,rrtstar,,19,1,80.22679574438226,0.05313859276882038,80.22679574438226,1201,0.15526914200745523,114.07329682058364,224.3044351023318,381.858852579446,0.3075,0.5575
medium,0.16,0.5,rrtstar,,20,1,80.42463492442099,0.03230313451190181,80.42463492442099,1149,0.18429781100712717,124.52641409314491,230.3822085252585,619.5298174027556,0.37,0.6725
medium,0.16,0.5,rrtstar,,21,1,79.3809930976804,0.9258261051983148,79.38099309768043,1218,0.1605415270314552,103.62903695302157,200.63337854845273,479.96707568690044,0.195,0.39
medium,0.16,0.5,rrtstar,,22,1,80.98181492788305,0.8703146327325357,80.98181492788305,1156,0.2741092539508827,99.33090230448201,189.719715478446,404.0062273315759,0.1725,0.3375
medium,0.16,0.5,rrtstar,,23,1,81.8036971846946,0.05344436117469398,81.80369718469457,1197,0.25488749996293336,126.74384537208674,269.8188318580657,514.5793885038072,0.36,0.61
medium,0.16,0.5,rrtstar,,24,1,81.94128355113926,0.018057190238894183,81.94128355113924,1231,0.2477954649948515,159.10758962385935,342.0691880969839,604.8752665790709,0.555,0.8325
medium,0.16,0.5,rrtstar,,25,1,80.01018655447602,0.48698466207393043,80.01018655447602,1169,0.24697098700562492,116.95761356274365,217.3887288751678,440.031668330221,0.315,0.5875
medium,0.16,0.5,rrtstar,,26,1,80.72789936614694,0.16795623695945183,80.72789936614697,1201,0.24832316301763058,125.9407151483294,270.18882462384767,561.6455143862172,0.4025,0.6425
medium,0.16,0.5,rrtstar,,27,1,79.4767016703431,0.1128783895979486,79.4767016703431,1247,0.2510275850072503,103.63173159687216,206.79073495538833,319.2521291904886,0.2225,0.505
medium,0.16,0.5,rrtstar,,28,1,79.59825397760122,0.12538819929510758,79.59825397760122,1255,0.2576310869771987,127.83966316757004,292.2377032995479,497.7438354812695,0.3475,0.5625
medium,0.16,0.5,rrtstar,,29,1,80.2308062044346,0.04761361769590433,80.23080620443461,1262,0.2680187810328789,137.47212427689703,271.9363666588465,633.3952172918796,0.4875,0.735
medium,0.16,0.5,rrtstar,,30,1,80.36066567334223,0.34102604739462716,80.36066567334223,1196,0.26172578701516613,126.92223894786657,239.8638552590994,694.3253499035828,0.4075,0.685
medium,0.16,0.5,rrtstar,,31,1,81.68282826671074,0.4719294391327047,81.68282826671076,1168,0.25137401901884004,129.9707533067364,257.1717869918217,403.93435289082186,0.4325,0.715
medium,0.16,0.5,rrtstar,,32,1,79.78185692492369,0.02130450633650094,79.7818569249237,1189,0.2582489650230855,111.97622675927583,212.7002868821397,409.95800804305554,0.295,0.5875
medium,0.16,0.5,rrtstar,,33,1,79.80526605744413,0.13902373074509367,79.80526605744414,1220,0.2793327679974027,135.75415460165456,280.5094355039242,441.78586415737806,0.4475,0.745
medium,0.16,0.5,rrtstar,,34,1,80.552920954354,0.24646323521867508,80.552920954354,1215,0.2050891609978862,114.32653618045634,226.31626370538316,436.9816819314733,0.2925,0.565
medium,0.16,0.5,rrtstar,,35,1,79.30161380175653,1.8612864943385719,79.30161380175653,1223,0.1599334479542449,103.53101080642475,209.8732476659524,427.97001222792244,0.205,0.375
medium,0.16,0.5,rrtstar,,36,1,80.44400323850311,0.05913075346922536,80.44400323850313,1157,0.15695235301973298,124.7855735084334,246.15647059453923,421.19796965526825,0.39,0.68
medium,0.16,0.5,rrtstar,,37,1,80.31822391029014,0.16494595948069168,80.31822391029013,1166,0.1736948899924755,127.83662426013503,270.10450339491484,439.5217584068921,0.4125,0.625
medium,0.16,0.5,rrtstar,,38,1,80.97574533016996,0.09606777641144681,80.97574533016996,1259,0.17283943301299587,141.3063590659052,295.1492030435838,562.722055576742,0.465,0.7375
medium,0.16,0.5,rrtstar,,39,1,80.781198452832,0.014076705142426427,80.78119845283197,1147,0.15696219104574993,132.00514730505935,274.0689704582523,383.97939394475367,0.4275,0.6775
medium,0.16,0.5,rrtstar,,40,1,83.49793500948668,0.075657185613073,83.49793500948668,1068,0.16148855700157583,136.92078889451926,285.92584775196406,485.84997893525406,0.4325,0.7175
medium,0.16,0.5,rrtstar,,41,1,80.30219539901066,0.05957026765749962,80.30219539901066,1206,0.19170217699138448,152.11917022763606,317.3327823150914,526.0016616303255,0.5475,0.82
medium,0.16,0.5,rrtstar,,42,1,79.9567147990519,0.07059602010088373,79.95671479905187,1228,0.16122909600380808,120.04129519184237,244.37236785863712,516.9911707182963,0.31,0.64
medium,0.16,0.5,rrtstar,,43,1,80.45938076883891,0.45305996553687455,80.45938076883891,1175,0.15338769502704963,126.7854400712016,266.44350912570854,407.9931818432834,0.4025,0.675
medium,0.16,0.5,rrtstar,,44,1,79.6764647818221,0.775179092041594,79.67646478182209,1211,0.16709902201546356,115.3232086033281,235.08202714440418,330.3640085189608,0.3175,0.56
medium,0.16,0.5,rrtstar,,45,1,80.71348450842976,0.11786725008390375,80.71348450842974,1190,0.1719847570057027,123.73087146972246,264.7470539449639,531.2200320864441,0.375,0.6025
medium,0.16,0.5,rrtstar,,46,1,80.34328711963079,0.2170847308101549,80.34328711963082,1222,0.16376160399522632,124.6649337753478,249.89034395633897,406.8942527133872,0.3925,0.6625
medium,0.16,0.5,rrtstar,,47,1,81.00769377084974,0.13257972488196068,81.00769377084977,1211,0.16409523400943726,122.7321848590255,257.9540512079953,409.5283033876545,0.3875,0.645
medium,0.16,0.5,rrtstar,,48,1,79.67428119690385,0.42295629225153153,79.67428119690386,1244,0.2466029209899716,129.3628407177153,271.2110330080816,552.3363499181902,0.3675,0.675
medium,0.16,0.5,rrtstar,,49,1,80.20432034260497,0.447915901186986,80.20432034260497,1245,0.25837901001796126,108.87294794098169,202.64662390676065,425.2753072464366,0.2575,0.4625
medium,0.16,0.5,neutral,0.0,0,1,85.17397693934272,3.281095354522826,101.08452585601673,1183,0.295389368024189,96.48913637924481,147.80819027826658,443.13444568470214,0.1125,0.34
medium,0.16,0.5,neutral,0.0,1,1,85.99425555939625,2.126423949544579,102.40721429125031,1191,0.3765745249693282,106.12115823169545,187.54026947094366,395.3875346822416,0.2,0.4075
medium,0.16,0.5,neutral,0.0,2,1,87.68838084347158,3.4150831928190613,99.87397141661779,1185,0.2951665970031172,101.99264734407286,172.41518269584614,328.07528554286444,0.1625,0.3525
medium,0.16,0.5,neutral,0.0,3,1,82.8442376654774,3.6027247691702744,88.85904366006076,1191,0.3096657330170274,95.21483727095845,151.05976215691896,406.3791509487042,0.1325,0.3175
medium,0.16,0.5,neutral,0.0,4,1,84.61484085722492,2.7517526779199177,99.57224567396678,1217,0.4299860850442201,96.9671273527326,159.29999250337255,311.6247923114471,0.125,0.2775
medium,0.16,0.5,neutral,0.0,5,1,86.77424341954759,1.7960076986813327,101.41991060088525,1185,0.315198180032894,105.3365265787754,178.173862795959,391.42422358312064,0.185,0.375
medium,0.16,0.5,neutral,0.0,6,1,87.65775423115494,2.0510085889514063,101.1245233308365,1147,0.28014942101435736,108.66532771007341,199.7314578069784,432.2375755662598,0.21,0.44
medium,0.16,0.5,neutral,0.0,7,1,88.83667389834919,2.4809540307677924,102.90136817174928,1133,0.2779482110054232,106.86051047337763,170.71813050278547,305.63551513758887,0.2025,0.4625
medium,0.16,0.5,neutral,0.0,8,1,85.73958271747996,2.025221542175567,113.63798932977059,1193,0.5248761259717867,102.64874182738437,155.14534503828196,272.82398678615476,0.2175,0.48
medium,0.16,0.5,neutral,0.0,9,1,82.55671659227998,1.655218071283013,104.58260643954074,1213,0.5164918079972267,106.16066403097263,201.83318505089198,480.75205938247876,0.2075,0.4325
medium,0.16,0.5,neutral,0.0,10,1,87.99794200651564,2.108865213804494,106.97584364087203,1142,0.47382055001799017,107.61051264421906,173.25726838899803,369.4434897803522,0.205,0.45
medium,0.16,0.5,neutral,0.0,11,1,81.26228230875243,1.9458429193230176,95.47133999485412,1241,0.5481626630062237,96.55442299070228,158.93473016632623,327.5697150281942,0.145,0.35
medium,0.16,0.5,neutral,0.0,12,1,89.99102392308428,1.8803001221450728,106.45445047532593,1193,0.34897596802329645,108.26192820291831,188.84186827119504,323.1107314236651,0.2025,0.445
medium,0.16,0.5,neutral,0.0,13,1,84.54519039123848,3.555009534576711,93.38899992369346,1226,0.358732970955316,95.12111736094585,144.76220874126267,258.22290247964287,0.1075,0.2775
medium,0.16,0.5,neutral,0.0,14,1,87.01668811875575,0.45404740158005286,112.51314981575592,1206,0.3171390389907174,110.02853977810095,181.1187890699137,347.57462023659167,0.265,0.65
medium,0.16,0.5,neutral,0.0,15,1,83.83857038073731,2.338108731154722,99.99088552476591,1228,0.3481329540372826,99.60400095735777,171.15495983821637,290.43618481686894,0.1575,0.435
medium,0.16,0.5,neutral,0.0,16,1,87.03641039800586,3.9048852570307844,96.87866405056936,1261,0.4949464029632509,97.1071464579641,146.98507904059716,416.754711319184,0.11,0.285
medium,0.16,0.5,neutral,0.0,17,1,88.89912023015138,2.95730233833848,101.04959246003381,1245,0.33789688599063084,103.81071834768609,195.93360571624328,465.2541435029953,0.15,0.2875
medium,0.16,0.5,neutral,0.0,18,1,85.86279210260841,2.6099284782519963,100.12188434690223,1245,0.34388069703709334,98.66970966369873,158.1401157021918,314.2366723766242,0.13,0.3575
medium,0.16,0.5,neutral,0.0,19,1,83.09412366269275,3.138826866134571,94.93756319890268,1201,0.3177866729674861,94.98742995885094,152.46252345462543,488.75525080836314,0.1125,0.31
medium,0.16,0.5,neutral,0.0,20,1,84.87646061162098,0.9443719936660435,103.88805486381193,1149,0.30725705000804737,102.03928268849963,162.26399160714723,287.77975956266033,0.1725,0.46
medium,0.16,0.5,neutral,0.0,21,1,81.50533791596705,4.0,89.34387449023868,1218,0.3166612460045144,91.52812291017334,139.17127094701132,311.1505517169441,0.08,0.2625
medium,0.16,0.5,neutral,0.0,22,1,81.93156361443899,2.330266799608137,91.48594419588217,1156,0.3322342920000665,96.07384076450235,165.45884527026405,421.65025728825793,0.13,0.305
medium,0.16,0.5,neutral,0.0,23,1,85.66853775734393,1.147636613073526,109.32987800569342,1197,0.3242551399744116,109.23993594986386,187.52030512349893,527.3536224029135,0.24,0.55
medium,0.16,0.5,neutral,0.0,24,1,89.84013279227727,1.8668694778724246,107.91648866128378,1231,0.33484324399614707,108.7320167169224,184.86354990029074,302.8868943837865,0.22,0.4075
medium,0.16,0.5,neutral,0.0,25,1,87.50092001545609,1.3049206311224912,105.89414361626419,1169,0.2940532820066437,108.00809645559104,182.63284996368526,451.44686843212287,0.225,0.4675
medium,0.16,0.5,neutral,0.0,26,1,83.74040438980809,2.7546497814239572,100.36918088759528,1201,0.3036909200018272,98.79259389581783,185.66777687825575,377.1054081652707,0.12,0.3275
medium,0.16,0.5,neutral,0.0,27,1,82.45230160516864,2.7765609140957848,91.45751497491274,1247,0.3529415130033158,94.25184061662537,154.2861096348411,317.08761179926324,0.1025,0.2975
medium,0.16,0.5,neutral,0.0,28,1,82.56209282984747,3.8743139273895846,91.35525528361995,1255,0.5048307759570889,91.95030221996025,141.34905555348848,242.94760267673084,0.0975,0.255
medium,0.16,0.5,neutral,0.0,29,1,86.95749213715156,0.7725027043849899,106.42961557925791,1262,0.5061341699911281,109.88481942501323,185.9253348040858,485.2533823950955,0.2325,0.4975
medium,0.16,0.5,neutral,0.0,30,1,81.30197642785701,0.34102604739462716,114.95532089746528,1196,0.4555785490083508,114.36065332790717,224.72018368672698,400.1621278633481,0.2825,0.665
medium,0.16,0.5,neutral,0.0,31,1,86.23185227451543,2.2675910931158896,105.27857986947251,1168,0.3120686459587887,105.30944950323986,192.32600725089023,322.53531383394414,0.175,0.3875
medium,0.16,0.5,neutral,0.0,32,1,81.68943958472424,2.7179350696746325,97.5857257731693,1189,0.4597765539656393,100.07624685323641,175.85657345979791,339.370754573124,0.1875,0.41
medium,0.16,0.5,neutral,0.0,33,1,86.00595613222171,1.87975033831259,111.62183058923854,1220,0.4461229160078801,104.55352392406999,177.43328857602185,346.46576866123354,0.1775,0.4925
medium,0.16,0.5,neutral,0.0,34,1,83.33270176729701,3.053157126763983,92.60247870376409,1215,0.473546723020263,94.55797779475888,157.2833032156713,287.2972908756957,0.1075,0.295
medium,0.16,0.5,neutral,0.0,35,1,81.97977753289221,2.7025928535916846,89.38257530967209,1223,0.45782401296310127,92.34730119934702,148.69242202775035,310.2933433900124,0.0925,0.27
medium,0.16,0.5,neutral,0.0,36,1,86.44857632448661,1.808982789281949,104.61437975291375,1157,0.43444904999341816,107.59037247601141,191.13377282551866,370.3423862656727,0.1975,0.425
medium,0.16,0.5,neutral,0.0,37,1,82.93767343994523,1.718661233164755,98.54358930226597,1166,0.5081029210123233,104.22540405114349,199.42961492412633,322.5097174572992,0.2125,0.49
medium,0.16,0.5,neutral,0.0,38,1,84.48735526395643,1.9787987665980507,106.97222431581127,1259,0.542084954038728,106.29970020891317,206.51178779796936,334.42657279812835,0.215,0.45
medium,0.16,0.5,neutral,0.0,39,1,86.34681099006653,0.7098346953201347,112.86761373988958,1147,0.4942522199708037,111.81357527088177,199.01016258479814,331.73605822885924,0.25,0.51
medium,0.16,0.5,neutral,0.0,40,1,87.92238073203742,1.6445609150021756,106.23840252864234,1068,0.25945684796897694,109.86081239985582,209.84635582559326,443.8638653518245,0.23,0.465
medium,0.16,0.5,neutral,0.0,41,1,87.04106269447554,0.9375401108983397,104.92669058912597,1206,0.3590858270181343,105.92472000565215,194.5910030296143,405.73310687422054,0.1825,0.39
medium,0.16,0.5,neutral,0.0,42,1,88.34513710077249,2.1262148069935236,107.43567395141355,1228,0.34794346598209813,104.95519048857804,176.1723466479035,313.05069757272815,0.175,0.355
medium,0.16,0.5,neutral,0.0,43,1,83.73310617686892,2.885637645284791,94.62502597680941,1175,0.3528312450507656,95.67466687305848,155.30004447666246,488.89537186158714,0.1225,0.3025
medium,0.16,0.5,neutral,0.0,44,1,83.4329913001568,1.194613755275645,104.19997408060122,1211,0.322459526010789,106.47772080157105,199.34739545153295,381.9971607179629,0.2475,0.51
medium,0.16,0.5,neutral,0.0,45,1,92.16331584716674,3.2179238847608747,117.24019608287765,1190,0.3249720150488429,110.38065499328937,192.67117048114343,334.11113458192693,0.2225,0.39
medium,0.16,0.5,neutral,0.0,46,1,82.95555688455188,3.160164203921714,94.1494132054981,1222,0.33569872099906206,98.91704740833262,179.10320372795667,395.91235896500496,0.1525,0.3275
medium,0.16,0.5,neutral,0.0,47,1,89.43902140121735,2.8208201523060987,110.57199582826645,1211,0.3908582440344617,105.61118303528917,168.28726171379006,322.54732972453434,0.1925,0.4025
medium,0.16,0.5,neutral,0.0,48,1,83.97878512385,2.0093088938390142,99.92823032973656,1244,0.4403571679722518,105.470166179876,182.87724509173248,458.4700280467943,0.215,0.485
medium,0.16,0.5,neutral,0.0,49,1,83.48442539330907,2.7509474873128923,95.3381342591091,1245,0.41960947000188753,95.14465051885247,147.12303098894003,366.15068962618204,0.1075,0.2875
medium,0.16,0.5,cvar0.1,0.1,0,1,85.17397693934272,3.281095354522826,110.52505268265354,1183,0.772001805016771,96.48913637924481,147.80819027826658,443.13444568470214,0.1125,0.34
medium,0.16,0.5,cvar0.1,0.1,1,1,85.99425555939625,2.126423949544579,112.09713363687841,1191,0.8978746309876442,106.12115823169545,187.54026947094366,395.3875346822416,0.2,0.4075
medium,0.16,0.5,cvar0.1,0.1,2,1,87.68838084347158,3.4150831928190613,109.40129404467488,1185,0.945624528976623,104.6371517823444,192.42818298591354,334.1888922979442,0.1825,0.34
medium,0.16,0.5,cvar0.1,0.1,3,1,82.8442376654774,3.6027247691702744,97.4615188006586,1191,0.98976975196274,95.21483727095845,151.05976215691896,406.3791509487042,0.1325,0.3175
medium,0.16,0.5,cvar0.1,0.1,4,1,84.61484085722492,2.7517526779199177,109.02237279083698,1217,0.9881168080028147,96.9671273527326,159.29999250337255,311.6247923114471,0.125,0.2775
medium,0.16,0.5,cvar0.1,0.1,5,1,86.77424341954759,1.7960076986813327,110.98973305088855,1185,0.8760812969994731,105.3365265787754,178.173862795959,391.42422358312064,0.185,0.375
medium,0.16,0.5,cvar0.1,0.1,6,1,87.65775423115494,2.0510085889514063,110.74895667723499,1147,0.5810070559964515,108.66532771007341,199.7314578069784,432.2375755662598,0.21,0.44
medium,0.16,0.5,cvar0.1,0.1,7,1,88.83667389834919,2.4809540307677924,112.53387647553596,1133,0.5254414940136485,108.21190338705702,176.5874598863996,482.31192739083326,0.205,0.445
medium,0.16,0.5,cvar0.1,0.1,8,1,85.73958271747996,2.025221542175567,124.51909000552462,1193,0.627641994971782,102.64874182738437,155.14534503828196,272.82398678615476,0.2175,0.48
medium,0.16,0.5,cvar0.1,0.1,9,1,82.55671659227998,1.655218071283013,114.41727281783884,1213,0.740122306975536,101.38597244990292,170.44339575673544,329.97660826900545,0.1975,0.4675
medium,0.16,0.5,cvar0.1,0.1,10,1,87.99794200651564,2.108865213804494,117.27120720047719,1142,0.617288064036984,107.61051264421906,173.25726838899803,369.4434897803522,0.205,0.45
medium,0.16,0.5,cvar0.1,0.1,11,1,81.26228230875243,1.9458429193230176,104.52700549313985,1241,0.7038910919800401,96.55442299070228,158.93473016632623,327.5697150281942,0.145,0.35
medium,0.16,0.5,cvar0.1,0.1,12,1,89.99102392308428,1.8803001221450728,116.52044936723051,1193,0.5918272380367853,108.26192820291831,188.84186827119504,323.1107314236651,0.2025,0.445
medium,0.16,0.5,cvar0.1,0.1,13,1,84.54519039123848,3.555009534576711,102.170182014002,1226,0.705015747982543,95.12111736094585,144.76220874126267,258.22290247964287,0.1075,0.2775
medium,0.16,0.5,cvar0.1,0.1,14,1,87.01668811875575,0.45404740158005286,123.39724207210365,1206,0.5660442129592411,111.9433445841986,181.38433064014404,285.00361780780474,0.2975,0.635
medium,0.16,0.5,cvar0.1,0.1,15,1,83.83857038073731,2.338108731154722,109.45430324437868,1228,0.5983780300011858,99.60400095735777,171.15495983821637,290.43618481686894,0.1575,0.435
medium,0.16,0.5,cvar0.1,0.1,16,1,87.03641039800586,3.9048852570307844,106.50446287323547,1261,0.7882174569531344,97.1071464579641,146.98507904059716,416.754711319184,0.11,0.285
medium,0.16,0.5,cvar0.1,0.1,17,1,88.89912023015138,2.95730233833848,110.82712144578869,1245,0.6679826580220833,102.63171176618381,171.4734279985343,419.3159198531757,0.16,0.2875
medium,0.16,0.5,cvar0.1,0.1,18,1,85.86279210260841,2.6099284782519963,109.56255219551798,1245,0.8826819650130346,98.66970966369873,158.1401157021918,314.2366723766242,0.13,0.3575
medium,0.16,0.5,cvar0.1,0.1,19,1,83.82928401402235,3.3117576480661732,103.85615251018244,1201,0.8985280669876374,94.87696238690121,141.22913955837566,489.51612205165213,0.11,0.29
medium,0.16,0.5,cvar0.1,0.1,20,1,84.87646061162098,0.9443719936660435,113.7077065027686,1149,0.6969454829813913,103.37072332206404,168.41878689174357,378.05936126363315,0.1975,0.4675
medium,0.16,0.5,cvar0.1,0.1,21,1,81.51098168333915,4.0,97.81691934694824,1218,0.7357698690029792,90.7173771901009,130.37593089543012,311.6500861997533,0.065,0.2425
medium,0.16,0.5,cvar0.1,0.1,22,1,81.93156361443899,2.330266799608137,100.21845430703485,1156,0.6697777510271408,96.07384076450235,165.45884527026405,421.65025728825793,0.13,0.305
medium,0.16,0.5,cvar0.1,0.1,23,1,85.66853775734393,1.147636613073526,119.76855842562686,1197,0.6486239249934442,109.23993594986386,187.52030512349893,527.3536224029135,0.24,0.55
medium,0.16,0.5,cvar0.1,0.1,24,1,89.84013279227727,1.8668694778724246,118.31955939296165,1231,0.6125850839889608,108.7320167169224,184.86354990029074,302.8868943837865,0.22,0.4075
medium,0.16,0.5,cvar0.1,0.1,25,1,87.50092001545609,1.3049206311224912,115.99146007362485,1169,0.5529690980329178,106.41046143864743,172.7472239061142,354.3625108465408,0.2375,0.435
medium,0.16,0.5,cvar0.1,0.1,26,1,83.74040438980809,2.7546497814239572,109.72994789250298,1201,0.7362727909930982,98.79259389581783,185.66777687825575,377.1054081652707,0.12,0.3275
medium,0.16,0.5,cvar0.1,0.1,27,1,82.45230160516863,2.7765609140957848,100.12890034890097,1247,0.7794843789888546,92.7768953981568,142.94256118910383,264.6680770827213,0.1025,0.295
medium,0.16,0.5,cvar0.1,0.1,28,1,82.6351091836275,3.8743139273895846,100.00160035807053,1255,0.7715593789471313,92.17475964020369,145.70969895369154,242.67944362258893,0.0925,0.255
medium,0.16,0.5,cvar0.1,0.1,29,1,86.95749213715156,0.7725027043849899,116.40878115430854,1262,0.6507979339803569,107.4171827142188,188.61726000349051,404.70966719696827,0.2225,0.4725
medium,0.16,0.5,cvar0.1,0.1,30,1,81.30197642785701,0.34102604739462716,126.26096338363591,1196,0.5585099009913392,115.26404116605255,211.2417837796858,480.1839831161066,0.315,0.68
medium,0.16,0.5,cvar0.1,0.1,31,1,86.23185227451543,2.2675910931158896,115.52174901113733,1168,0.5582616619649343,105.30944950323986,192.32600725089023,322.53531383394414,0.175,0.3875
medium,0.16,0.5,cvar0.1,0.1,32,1,81.68943958472424,2.7179350696746325,107.02850179530807,1189,0.7020678949775174,100.07624685323641,175.85657345979791,339.370754573124,0.1875,0.41
medium,0.16,0.5,cvar0.1,0.1,33,1,86.00595613222171,1.87975033831259,122.41815367565644,1220,0.6512653279933147,104.55352392406999,177.43328857602185,346.46576866123354,0.1775,0.4925
medium,0.16,0.5,cvar0.1,0.1,34,1,83.33270176729701,3.053157126763983,101.57469847236071,1215,0.7481612319825217,94.55797779475888,157.2833032156713,287.2972908756957,0.1075,0.295
medium,0.16,0.5,cvar0.1,0.1,35,1,81.97977753289221,2.7025928535916846,97.75094276932505,1223,0.6731215110048652,92.34730119934702,148.69242202775035,310.2933433900124,0.0925,0.27
medium,0.16,0.5,cvar0.1,0.1,36,1,86.44857632448661,1.808982789281949,114.76583340571328,1157,0.6270611779764295,107.59037247601141,191.13377282551866,370.3423862656727,0.1975,0.425
medium,0.16,0.5,cvar0.1,0.1,37,1,82.93767343994523,1.718661233164755,107.95071415300104,1166,0.6673569949925877,104.22540405114349,199.42961492412633,322.5097174572992,0.2125,0.49
medium,0.16,0.5,cvar0.1,0.1,38,1,84.48735526395643,1.9787987665980507,117.20795856580544,1259,0.6731572489952669,102.22171500356113,185.07638700183605,305.7515795719836,0.185,0.415
medium,0.16,0.5,cvar0.1,0.1,39,1,86.34681099006653,0.7098346953201347,123.76226376313657,1147,0.4931304000201635,111.81357527088177,199.01016258479814,331.73605822885924,0.25,0.51
medium,0.16,0.5,cvar0.1,0.1,40,1,87.92238073203742,1.6445609150021756,116.49553878721156,1068,0.5877860990003683,109.86081239985582,209.84635582559326,443.8638653518245,0.23,0.465
medium,0.16,0.5,cvar0.1,0.1,41,1,87.04106269447554,0.9375401108983397,115.12474836399323,1206,0.6888797879801132,105.92472000565215,194.5910030296143,405.73310687422054,0.1825,0.39
medium,0.16,0.5,cvar0.1,0.1,42,1,88.34513710077249,2.1262148069935236,117.45700805280566,1228,0.6749913049861789,104.95519048857804,176.1723466479035,313.05069757272815,0.175,0.355
medium,0.16,0.5,cvar0.1,0.1,43,1,83.73310617686892,2.885637645284791,103.6255689949046,1175,0.5374968510004692,95.67466687305848,155.30004447666246,488.89537186158714,0.1225,0.3025
medium,0.16,0.5,cvar0.1,0.1,44,1,83.4329913001568,1.194613755275645,114.50993249959542,1211,0.6980399219901301,106.47772080157105,199.34739545153295,381.9971607179629,0.2475,0.51
medium,0.16,0.5,cvar0.1,0.1,45,1,92.19596884160035,3.3290117941636193,128.59565140855892,1190,0.5424231839715503,109.73580175973329,184.8638632175006,336.7723801844774,0.22,0.39
medium,0.16,0.5,cvar0.1,0.1,46,1,82.95555688455188,3.160164203921714,103.2204582904505,1222,0.9210795140243135,98.91704740833262,179.10320372795667,395.91235896500496,0.1525,0.3275
medium,0.16,0.5,cvar0.1,0.1,47,1,89.43902140121735,2.8208201523060987,121.2044755416533,1211,0.9767314569908194,105.61118303528917,168.28726171379006,322.54732972453434,0.1925,0.4025
medium,0.16,0.5,cvar0.1,0.1,48,1,83.97878512385,2.0093088938390142,109.48244614951322,1244,1.0074987140251324,105.470166179876,182.87724509173248,458.4700280467943,0.215,0.485
medium,0.16,0.5,cvar0.1,0.1,49,1,83.48442539330907,2.7509474873128923,104.46549221645496,1245,0.8881630640244111,95.14465051885247,147.12303098894003,366.15068962618204,0.1075,0.2875
medium,0.16,0.5,cvar0.5,0.5,0,1,85.66764204037649,3.281095354522826,149.20046471123692,1183,0.6496287140180357,95.79155617154001,144.93333260609487,251.6969064469079,0.1125,0.3325
medium,0.16,0.5,cvar0.5,0.5,1,1,85.99425555939625,2.126423949544579,151.55049125731807,1191,0.7623563240049407,106.12115823169545,187.54026947094366,395.3875346822416,0.2,0.4075
medium,0.16,0.5,cvar0.5,0.5,2,1,88.73622643303585,3.4150831928190613,146.20526533111794,1185,0.6409675939939916,104.08266113309841,169.96373925100147,392.94154312735526,0.1725,0.34
medium,0.16,0.5,cvar0.5,0.5,3,1,83.40287345929828,3.6027247691702744,129.8685531727958,1191,0.742043498030398,96.8543905723026,156.8533555972219,309.4054250405701,0.1425,0.325
medium,0.16,0.5,cvar0.5,0.5,4,1,85.1856292337969,2.7517526779199177,146.1706261736615,1217,0.9091834870050661,97.81335974013602,158.24862900809362,280.54507118219414,0.1375,0.3275
medium,0.16,0.5,cvar0.5,0.5,5,1,86.87898192471611,1.7960076986813327,148.39522205511702,1185,0.9247300139977597,105.22852268763774,186.41392669075236,349.24786566710804,0.1975,0.4375
medium,0.16,0.5,cvar0.5,0.5,6,1,87.65775423115494,2.0510085889514063,150.3589749278332,1147,0.6460230289958417,108.66532771007341,199.7314578069784,432.2375755662598,0.21,0.44
medium,0.16,0.5,cvar0.5,0.5,7,1,88.91692215000174,2.4809540307677924,151.21482216253065,1133,0.6137925259536132,106.881944214672,169.82214897602574,317.5272394780852,0.2125,0.44
medium,0.16,0.5,cvar0.5,0.5,8,1,86.09383590770021,2.025221542175567,174.66501662001477,1193,1.0059683309518732,102.77257067863313,154.89916192272509,273.1978940518707,0.2175,0.475
medium,0.16,0.5,cvar0.5,0.5,9,1,82.62843678506457,1.655218071283013,155.38106198654538,1213,1.0254629599512555,101.48500338221078,171.13504528767808,335.7973487420071,0.19,0.465
medium,0.16,0.5,cvar0.5,0.5,10,1,88.04445328168399,2.108865213804494,159.23620505142088,1142,0.6865698309848085,110.40767730516251,205.5092666706168,396.6332834080719,0.205,0.4525
medium,0.16,0.5,cvar0.5,0.5,11,1,81.52455608635623,1.9458429193230176,140.30210246708344,1241,0.7802289969986305,96.4245947757308,159.9119751200835,350.32798174286575,0.12,0.38
medium,0.16,0.5,cvar0.5,0.5,12,1,91.25562107063755,2.3295145593084343,155.3729194256629,1193,0.7193378789816052,111.93060687674868,204.58819834703817,490.4327149239154,0.235,0.42
medium,0.16,0.5,cvar0.5,0.5,13,1,86.0775689722481,4.0,134.0930421801344,1226,0.7588160110171884,93.45409899692851,140.6798056139119,255.91060831674903,0.085,0.185
medium,0.16,0.5,cvar0.5,0.5,14,1,87.01668811875575,0.45404740158005286,170.86687980791376,1206,0.7134751479607075,110.02853977810095,181.1187890699137,347.57462023659167,0.265,0.65
medium,0.16,0.5,cvar0.5,0.5,15,1,87.64246291717991,2.8785921309366884,147.23263488502695,1228,0.7718863069894724,106.22586464347921,189.82183996611496,452.34291692829095,0.16,0.3575
medium,0.16,0.5,cvar0.5,0.5,16,1,87.89959735092386,4.0,142.45213224479065,1261,0.9781665200134739,97.13551692266147,137.8390398224366,387.0294314690199,0.0775,0.2425
medium,0.16,0.5,cvar0.5,0.5,17,1,88.92675367424172,2.95730233833848,148.52887963678623,1245,0.9218523839954287,102.34945870761769,172.5458195648492,341.7335162593592,0.14,0.2725
medium,0.16,0.5,cvar0.5,0.5,18,1,86.86532876465633,2.6099284782519963,146.3046647691245,1245,0.9079065240221098,98.738854841318,152.30636828464623,393.65843874203154,0.12,0.32
medium,0.16,0.5,cvar0.5,0.5,19,1,83.92163093513432,3.3117576480661732,138.1501126088168,1201,0.8168930090032518,93.50865937015261,143.84940502496352,340.7179209015494,0.095,0.26
medium,0.16,0.5,cvar0.5,0.5,20,1,84.71804590295955,0.9443719936660435,154.76147980578915,1149,0.5882827480090782,101.0450667038747,169.68683507897953,323.04465324965923,0.1575,0.4475
medium,0.16,0.5,cvar0.5,0.5,21,1,81.64872824716612,4.0,129.3995832092525,1218,0.6716002749744803,92.01268284091864,141.88790492258192,349.4706792387121,0.09,0.2375
medium,0.16,0.5,cvar0.5,0.5,22,1,82.18479563936926,2.330266799608137,132.61607785209046,1156,0.6240003219572827,93.1160095435773,144.32734561461427,329.4103733012116,0.11,0.2925
medium,0.16,0.5,cvar0.5,0.5,23,1,86.92797755930128,1.147636613073526,163.89210410652925,1197,0.6732963519752957,109.36232029937992,194.56276311219887,385.39223189956,0.23,0.515
medium,0.16,0.5,cvar0.5,0.5,24,1,90.93514259972378,1.8668694778724246,161.02336888247984,1231,0.7590432220022194,109.84754396921161,179.89875701103492,317.1693748917163,0.245,0.39
medium,0.16,0.5,cvar0.5,0.5,25,1,88.86606570219281,1.3049206311224912,157.96532555349862,1169,0.8877668659552,108.41487935960613,191.32417435035345,320.4664538283298,0.2175,0.4525
medium,0.16,0.5,cvar0.5,0.5,26,1,84.21191996909863,2.421094976748087,148.93959828167556,1201,0.9368986650370061,99.73434498509825,167.4695601430132,376.864323884453,0.155,0.3525
medium,0.16,0.5,cvar0.5,0.5,27,1,82.97431377718738,2.7765609140957848,131.41295995243647,1247,0.9615687369951047,93.01704433501374,140.19397857737965,336.28637443490743,0.09,0.27
medium,0.16,0.5,cvar0.5,0.5,28,1,83.84644442302158,4.0,131.18045195429747,1255,0.7110568970092572,93.27831922625597,147.3603315523069,279.80613316761713,0.1,0.2225
medium,0.16,0.5,cvar0.5,0.5,29,1,87.12053205332549,0.7725027043849899,157.95721371181276,1262,0.7547912439913489,107.44690880708885,189.76814192571922,438.33328089347253,0.195,0.4875
medium,0.16,0.5,cvar0.5,0.5,30,1,83.28482971466899,0.9297462018719704,177.94300311937616,1196,0.6572910380200483,116.1036632938791,207.77357696856106,437.7380640823699,0.325,0.635
medium,0.16,0.5,cvar0.5,0.5,31,1,87.5417276926626,2.2675910931158896,157.37897465952994,1168,0.6754003780079074,106.1162535463036,192.75994742729836,317.0352038513668,0.1775,0.38
medium,0.16,0.5,cvar0.5,0.5,32,1,81.767345713186,2.7179350696746325,144.9750223894814,1189,0.6720920950174332,98.40496649871591,169.9872452305318,415.0939346875017,0.165,0.41
medium,0.16,0.5,cvar0.5,0.5,33,1,86.23020143473036,1.87975033831259,169.84672312698913,1220,0.6642719330266118,108.95321265736168,189.67320336922631,375.9195025874108,0.235,0.52
medium,0.16,0.5,cvar0.5,0.5,34,1,85.37367732605094,3.6381065650196387,134.5469759683945,1215,0.727730973972939,93.82262610131224,147.39200119110822,298.1572316826115,0.1,0.215
medium,0.16,0.5,cvar0.5,0.5,35,1,82.18762244036063,2.7025928535916846,128.00093783104592,1223,0.6485964340390638,91.79717484494397,139.51253904165958,361.9956415587636,0.08,0.29
medium,0.16,0.5,cvar0.5,0.5,36,1,86.44857632448661,1.808982789281949,156.32628744897255,1157,0.6377360250335187,107.59037247601141,191.13377282551866,370.3423862656727,0.1975,0.425
medium,0.16,0.5,cvar0.5,0.5,37,1,87.58507600223908,2.104263538043261,146.33301275866168,1166,0.6320415110094473,107.69269837270721,191.0794140469611,360.4757302845695,0.24,0.4375
medium,0.16,0.5,cvar0.5,0.5,38,1,84.31605313078498,1.9787987665980507,161.51306245522545,1259,0.7394673879607581,106.33914820120332,206.51044197858926,334.3700789450425,0.2175,0.4525
medium,0.16,0.5,cvar0.5,0.5,39,1,87.03164518389647,1.264163903581263,171.0997042168383,1147,0.6295760209904984,112.32814546300862,202.03946697521005,417.27616380381954,0.26,0.4925
medium,0.16,0.5,cvar0.5,0.5,40,1,90.55942657984772,1.6445609150021756,158.96800763606254,1068,0.8539349460043013,112.07067865819448,188.59187939691626,450.23683176006614,0.2525,0.52
medium,0.16,0.5,cvar0.5,0.5,41,1,87.84430547171036,0.9444575859644986,156.9447443980039,1206,1.0197143040131778,107.2757446698482,193.54935487827692,417.7632661346112,0.2,0.425
medium,0.16,0.5,cvar0.5,0.5,42,1,88.37619243609194,2.1262148069935236,159.09660891411025,1228,1.0041828760295175,107.31692479416328,181.81687634261266,388.8411569401369,0.21,0.3625
medium,0.16,0.5,cvar0.5,0.5,43,1,85.72191917509555,2.885637645284791,136.93561176665276,1175,0.9745095869875513,98.37622729223884,169.2938253036332,397.8585689215521,0.1125,0.265
medium,0.16,0.5,cvar0.5,0.5,44,1,84.17956315137198,1.1570946046978072,158.1092487881196,1211,0.6777214159956202,105.597682326918,176.13497896042773,374.08427930482446,0.21,0.5725
medium,0.16,0.5,cvar0.5,0.5,45,1,92.45448034437197,3.2179238847608747,177.16986583951376,1190,0.6864775270223618,110.22039549051098,193.83477346878095,334.41592635165694,0.22,0.3775
medium,0.16,0.5,cvar0.5,0.5,46,1,83.36971200648911,3.160164203921714,136.3426733281987,1222,0.6931581349927001,99.86399859006654,176.30600654754076,456.35170270197625,0.1725,0.3025
medium,0.16,0.5,cvar0.5,0.5,47,1,91.46638283139845,2.8208201523060987,165.8183357791556,1211,0.7025413810042664,106.90156561465125,176.79540481217458,287.82358942602673,0.1925,0.4
medium,0.16,0.5,cvar0.5,0.5,48,1,84.98457274510541,2.0093088938390142,148.1384867204615,1244,0.8154257460264489,105.47413134848922,180.90738685097654,348.5066525285574,0.1975,0.455
medium,0.16,0.5,cvar0.5,0.5,49,1,83.5564209887669,2.7509474873128923,139.54999407815424,1245,0.7244414169690572,95.13993256339592,145.81031057002647,366.9551587080285,0.1075,0.2875
medium,0.16,0.5,cvar0.9,0.9,0,1,87.76488943924684,3.281095354522826,296.3087966977712,1183,0.696641037997324,102.33265141324772,165.32383620904912,475.9160823981272,0.15,0.35
medium,0.16,0.5,cvar0.9,0.9,1,1,88.20861525404815,2.126205072254055,310.95589593506133,1191,0.6142226800438948,103.15993133000939,169.1298964541618,431.40740775519953,0.1675,0.375
medium,0.16,0.5,cvar0.9,0.9,2,1,92.5139873148474,3.4150831928190613,273.21276782231735,1185,0.724757865013089,106.95980899238532,174.70351448640758,579.4086629985103,0.18,0.33
medium,0.16,0.5,cvar0.9,0.9,3,1,83.23748060453225,3.6027247691702744,227.19236001849055,1191,0.5966856910381466,93.75947716570425,158.24523360700422,363.9202169007401,0.1025,0.2825
medium,0.16,0.5,cvar0.9,0.9,4,1,87.84295325283628,2.7517526779199177,278.61492155950657,1217,0.7475639730109833,99.69453812014406,149.51179624172073,311.6681574204115,0.1375,0.285
medium,0.16,0.5,cvar0.9,0.9,5,1,89.1872864164905,1.9176169379109904,277.0305498182404,1185,0.7038846500217915,106.3481921152463,168.8546401051092,287.71452965253155,0.215,0.4975
medium,0.16,0.5,cvar0.9,0.9,6,1,90.15836241550146,2.0510085889514063,298.76479891244975,1147,0.6147285960032605,112.1520072088889,199.67723060336175,490.0789346448362,0.23,0.4575
medium,0.16,0.5,cvar0.9,0.9,7,1,91.74326374064509,2.4809540307677924,293.68908640281336,1133,0.6646871279808693,109.34120875976599,173.27171368157548,333.1736348683737,0.2325,0.46
medium,0.16,0.5,cvar0.9,0.9,8,1,87.93033408016875,2.0471823807661793,421.5278364413533,1193,0.7639757849974558,105.1936582855618,163.85542309227415,302.4734676956915,0.205,0.4575
medium,0.16,0.5,cvar0.9,0.9,9,1,83.80110834137385,1.655218071283013,337.92435839008516,1213,0.5583259440027177,105.85894184950989,198.10483611532285,342.0845060239433,0.2,0.4575
medium,0.16,0.5,cvar0.9,0.9,10,1,92.68211619995387,2.20510159541318,327.06073269492384,1142,0.6308457710547373,109.64440609706143,168.77371380834552,273.6022031433837,0.25,0.515
medium,0.16,0.5,cvar0.9,0.9,11,1,93.39859733168586,4.0,243.41700809945652,1241,0.6681382620008662,103.18363211696045,140.9172151382662,399.88577626711543,0.135,0.2575
medium,0.16,0.5,cvar0.9,0.9,12,1,92.79122614641878,2.3295145593084343,303.07877009329445,1193,0.6372120050364174,111.47656358580562,197.0333642952774,398.247522038057,0.2075,0.39
medium,0.16,0.5,cvar0.9,0.9,13,1,87.8657094131034,4.0,221.69414021365174,1226,0.6057709849555977,95.26032174688056,137.47275051093737,286.484456077935,0.085,0.1975
medium,0.16,0.5,cvar0.9,0.9,14,1,97.45521729079958,0.45404740158005286,390.68217425608526,1206,0.6422840020386502,119.3986708724387,183.86372413950807,306.1347781916178,0.3425,0.5775
medium,0.16,0.5,cvar0.9,0.9,15,1,87.28922950540797,3.2253268662798154,268.92335976576106,1228,0.6965571190230548,98.92395801613843,150.14440884122843,294.0490729936351,0.12,0.3625
medium,0.16,0.5,cvar0.9,0.9,16,1,90.65004119837533,4.0,255.87578508433796,1261,0.6702041869866662,99.83039681382232,147.88736256791802,441.1477033777568,0.1125,0.23
medium,0.16,0.5,cvar0.9,0.9,17,1,91.2230134075904,2.95730233833848,276.4204213013122,1245,0.6221944179851562,101.87207937434641,149.77916458337762,423.2908726583927,0.1325,0.305
medium,0.16,0.5,cvar0.9,0.9,18,1,89.05693684734831,2.6099284782519963,279.32790068127315,1245,0.8436730490066111,99.9816208258985,152.56317149261176,380.1230860536898,0.125,0.3375
medium,0.16,0.5,cvar0.9,0.9,19,1,87.37958455060584,3.3117576480661732,248.68601085584564,1201,0.8482880419469438,97.80853041036323,158.21308079998718,303.1208169353886,0.1,0.25
medium,0.16,0.5,cvar0.9,0.9,20,1,88.79937670612935,0.9443719936660435,326.2404765352954,1149,0.6927841469878331,104.72193457692572,164.0294359954898,326.32599546081275,0.205,0.4875
medium,0.16,0.5,cvar0.9,0.9,21,1,84.38846171723767,4.0,224.0664448977802,1218,0.8752969049965031,91.92726021796312,136.51222847870503,251.66883054909943,0.075,0.2275
medium,0.16,0.5,cvar0.9,0.9,22,1,82.60759968090471,2.330266799608137,231.68985024589855,1156,0.7387065509683453,93.41314771064557,140.97924609800253,262.7061278698923,0.095,0.3225
medium,0.16,0.5,cvar0.9,0.9,23,1,95.01749975415176,1.8882966574035231,323.7373899829931,1197,0.6645254730246961,113.62826709180563,186.16787933380107,348.43707861230814,0.255,0.45
medium,0.16,0.5,cvar0.9,0.9,24,1,91.52935260928662,1.8668694778724246,337.85448108560485,1231,0.6621157869813032,109.72410811167676,195.08902347448398,371.55225669353615,0.21,0.41
medium,0.16,0.5,cvar0.9,0.9,25,1,92.53890542055014,1.3049206311224912,326.53443452423505,1169,0.6461956760031171,110.75571963378577,192.92234991331262,414.1718887619495,0.2,0.4225
medium,0.16,0.5,cvar0.9,0.9,26,1,91.3195439089914,2.7546497814239572,298.1296003029805,1201,0.647380595037248,103.2345101933977,157.45249690866734,355.0767413729174,0.1475,0.2725
medium,0.16,0.5,cvar0.9,0.9,27,1,84.6518915418904,3.298346835080711,223.25942706771545,1247,0.6430178380105644,91.95110788324399,136.58795338028767,211.97368710470698,0.0825,0.2475
medium,0.16,0.5,cvar0.9,0.9,28,1,84.19430243752295,4.0,217.09983054194515,1255,0.6975803630193695,92.90721273476767,148.60040658489584,228.1096680098993,0.09,0.2125
medium,0.16,0.5,cvar0.9,0.9,29,1,96.27896562675296,2.7476748836863525,317.12812569780044,1262,0.730226511019282,112.12552132935893,171.6086336768171,328.894753150602,0.26,0.4
medium,0.16,0.5,cvar0.9,0.9,30,1,92.677035943659,1.1624436424046576,408.4756618957591,1196,0.6498457550187595,117.94151019004795,198.09463375824652,294.7875562160181,0.31,0.6125
medium,0.16,0.5,cvar0.9,0.9,31,1,87.55026505428725,2.4542866784477875,321.6080173299335,1168,0.5772867730120197,102.68195215850385,176.76806771137814,322.9305644112383,0.16,0.3475
medium,0.16,0.5,cvar0.9,0.9,32,1,88.10644711518458,2.7179350696746325,280.2582744312476,1189,0.6675733940210193,102.42004222742857,162.75709168431933,368.2768850858872,0.1525,0.4475
medium,0.16,0.5,cvar0.9,0.9,33,1,96.43869550037175,1.87975033831259,350.3224630321271,1220,0.5769842509762384,111.091420659794,170.87764308415873,343.9110887012924,0.215,0.39
medium,0.16,0.5,cvar0.9,0.9,34,1,88.75595838493403,4.0,228.44191141468707,1215,0.8466309810173698,96.73388959625188,149.85039673019617,339.84700655226834,0.08,0.21
medium,0.16,0.5,cvar0.9,0.9,35,1,82.62824689682948,2.7025928535916846,213.8357011447825,1223,0.8225954379886389,93.56385755466115,147.77809249009715,301.309651342436,0.0975,0.27
medium,0.16,0.5,cvar0.9,0.9,36,1,89.28625442820659,1.715058605369363,323.6285849214609,1157,0.7562054070294835,103.53220182796674,156.83758928548306,479.0832221416075,0.15,0.395
medium,0.16,0.5,cvar0.9,0.9,37,1,94.45946655030498,2.7539416857817844,272.00113323313565,1166,0.8228959959815256,111.31301248152137,198.69600719654014,337.84633871291624,0.22,0.355
medium,0.16,0.5,cvar0.9,0.9,38,1,87.33311744139839,1.9787987665980507,360.02493829603577,1259,0.6942220160271972,105.96094108456626,180.07087709341448,310.76923639681013,0.2025,0.465
medium,0.16,0.5,cvar0.9,0.9,39,1,91.79941730938597,1.0002606719353029,377.2128511809177,1147,0.5953123950166628,115.00011574475067,180.23412641960064,383.8702133620245,0.3125,0.5575
medium,0.16,0.5,cvar0.9,0.9,40,1,94.38968860578673,1.6445609150021756,324.223547945536,1068,0.5113511309609748,115.21466295263214,192.44652626445165,374.87197564084937,0.275,0.4925
medium,0.16,0.5,cvar0.9,0.9,41,1,92.69234404772435,0.9514276270050308,317.67051018684697,1206,0.637731636990793,111.03862307299381,189.4684815477031,294.94451177190155,0.2375,0.52
medium,0.16,0.5,cvar0.9,0.9,42,1,90.76062188386567,2.424354994026794,330.62922957024546,1228,0.5800427829963155,108.18299547535761,182.67997225941156,289.281798062721,0.2175,0.3675
medium,0.16,0.5,cvar0.9,0.9,43,1,85.78457750850183,2.885637645284791,238.02115647744372,1175,0.6022436670027673,98.70366670752061,159.61057872705993,414.20534841036783,0.125,0.2775
medium,0.16,0.5,cvar0.9,0.9,44,1,92.50216322145313,1.1570946046978072,346.7382569079152,1211,0.693244357011281,113.90732913709358,196.13421104259828,390.02913266954,0.2525,0.545
medium,0.16,0.5,cvar0.9,0.9,45,1,96.33919229495295,3.2179238847608747,382.43056175314615,1190,0.6939964279881679,110.0566149843319,175.92423405819048,268.07620108338466,0.21,0.38
medium,0.16,0.5,cvar0.9,0.9,46,1,85.93927054494445,3.530870494877803,235.83310596837495,1222,0.6935517790261656,97.62820320037164,155.19944939044188,316.4310356083163,0.135,0.3375
medium,0.16,0.5,cvar0.9,0.9,47,1,94.42921949344137,2.8208201523060987,352.241432821948,1211,0.7041784250177443,110.14767078499808,173.88673729211328,349.8580499821318,0.205,0.405
medium,0.16,0.5,cvar0.9,0.9,48,1,87.9558974516698,2.0093088938390142,295.3612739913856,1244,0.6588231240166351,107.27963145397253,166.9591850639382,378.49941204688207,0.23,0.465
medium,0.16,0.5,cvar0.9,0.9,49,1,87.84699857454953,2.7509474873128923,261.7940424220436,1245,0.7314607040025294,97.13654971950433,143.13433655025293,231.7020998743414,0.12,0.2625
